Sys,Sys,Sys,Sys,Sys,UserDefCon,UserDefVar,GasEx,GasEx,GasEx,GasEx,GasEx,GasEx,GasEx,GasEx,GasEx,GasEx,GasEx,GasEx,GasEx,GasEx,GasEx,GasEx,GasEx,GasEx,GasEx,GasEx,GasEx,GasEx,GasEx,Leak,Leak,Leak,Leak,Leak,FLR,FLR,FLR,FLR,FLR,FLR,FLR,FLR,FLR,FLR,FLR,FLR,FLR,FLR,FLR,FLR,FLR,FLR,FLR,FLR,FLR,FLR,FLR,FLR,FLR,FLR,FLR,FLR,MPF,MPF,MPF,MPF,MPF,MPF,MPF,MPF,LeafQ,LeafQ,LeafQ,LeafQ,Const,Const,Const,Const,Meas,Meas,Meas,Meas,Meas,Meas,Meas,Meas,Meas,Meas,Meas,Meas,Meas,Meas,Meas,Meas,Meas,Meas,FlrLS,FlrLS,FlrLS,FlrLS,FlrLS,FlrLS,FlrLS,FlrLS,FlrLS,FlrLS,FlrLS,FlrLS,FlrLS,FlrLS,FlrLS,FlrLS,FlrLS,FlrLS,FlrStats,FlrStats,FlrStats,FlrStats,FlrStats,MchEvent,MchEvent,MchEvent,MchEvent,MchEvent,MchEvent,MchEvent,MchEvent,MchEvent,MchEvent,MchEvent,MchEvent,MchEvent,Stability,Stability,Stability,Stability,Stability,Stability,Stability,Stability,Stability,Stability,Stability,Stability,Stability,Stability,Stability,MchStatus,MchStatus,MchStatus,MchStatus,MchStatus,MchStatus,MchStatus,MchStatus,MchStatus,MchStatus,MchStatus,MchStatus,MchStatus,MchStatus,MchStatus,MchStatus,MchStatus,MchStatus,Status,Status,Status,Status,Status,Status,Status,Status,Status,Status,Status,Status,Status,Status,Status,Status
obs,time,elapsed,date,hhmmss,plant id,WUE,TIME,E,A,Ca,Ci,Pci,Pca,gsw,gbw,gtw,gtc,Rabs,TleafEB,TleafCnd,SVPleaf,RHcham,VPcham,SVPcham,VPDleaf,LatHFlux,SenHFlux,NetTherm,EBSum,Leak,LeakPct,CorrFact,CorrFactPct,Fan,DarkAdaptedID,Qmax_d,Fo,Fm,Fv,Fv/Fm,Adark,LightAdaptedID,Qmax,Fs,Fm',PhiPS2,PS2/1,Qabs_fs,Afs,ETR,Fv'/Fm',PhiCO2,NPQ,DarkPulseID,Fo',Fv',qP,qN,qP_Fo,qN_Fo,qL,1-qL,ID,P1_dur,P2_dur,P3_dur,P1_Qmax,P1_Fmax,P2_dQdt,P3_ΔF,Qin,Qabs,alpha,convert,S,K,Geometry,Custom,TIME,CO2_s,CO2_r,H2O_s,H2O_r,CO2_a,H2O_a,Flow,Pa,ΔPcham,Tair,Tleaf,Tleaf2,Offset,Offset2,Fan_speed,Qamb_in,Qamb_out,Q,f_red,f_blue,f_farred,F,Q_modavg,F_dc,Pc,Tled,TDigital,TPreamp,TPwrSpy,TDrive,Q_red,Q_blue,Q_farred,TSPF,state,F_avg,dF/dt,dF_dc/dt,F_dc_avg,period,time,hhmmss,co2_t,h2o_t,count,co2_adj,h2o_adj,co2_match,h2o_match,co2_at,h2o_at,co2_cv,h2o_cv,ΔCO2:MN,ΔCO2:SLP,ΔCO2:SD,ΔCO2:OK,F:MN,F:SLP,F:SD,F:OK,ΔH2O:MN,ΔH2O:SLP,ΔH2O:SD,ΔH2O:OK,Stable,Total,State,MatchValveR,MatchValveS,MatchCO2,MatchH2O,cf_co2_a,cf_co2_b,cf_co2_c,cf_co2_d,cf_h2o_a,cf_h2o_b,cf_h2o_c,cf_h2o_d,co2_fit_low,co2_fit_high,h2o_fit_low,h2o_fit_high,co2_elapsed,h2o_elapsed,DIAG,Flow_s,Flow_r,Txchg,Tirga,Tchopper,Ts,Tr,CO2_%,Desiccant_%,Humidifier_%,Txchg_sp,CO2_r_sp,H2O_r_sp,SS_s,SS_r
,s,s,,,,,s,mol m⁻² s⁻¹,µmol m⁻² s⁻¹,µmol mol⁻¹,µmol mol⁻¹,Pa,Pa,mol m⁻² s⁻¹,mol m⁻² s⁻¹,mol m⁻² s⁻¹,mol m⁻² s⁻¹,W m⁻²,°C,°C,kPa,%,kPa,kPa,kPa,W m⁻²,W m⁻²,W m⁻²,W m⁻²,µmol s⁻¹,%,,%,µmol s⁻¹,,,,,,,µmol m⁻² s⁻¹,,,,,,,µmol m⁻² s⁻¹,µmol m⁻² s⁻¹,µmol m⁻² s⁻¹,,µmol µmol⁻¹,,,,,,,,,,,,ms,ms,ms,µmol m⁻² s⁻¹,,mol m⁻² s⁻²,,µmol m⁻² s⁻¹,µmol m⁻² s⁻¹,,J/µmol,cm²,,,mol m⁻² s⁻¹,s,µmol mol⁻¹,µmol mol⁻¹,mmol mol⁻¹,mmol mol⁻¹,µmol mol⁻¹,mmol mol⁻¹,µmol s⁻¹,kPa,kPa,°C,°C,°C,°C,°C,rpm,µmol m⁻² s⁻¹,µmol m⁻² s⁻¹,µmol m⁻² s⁻¹,,,,,µmol m⁻² s⁻¹,,,°C,°C,°C,°C,°C,µmol m⁻² s⁻¹,µmol m⁻² s⁻¹,µmol m⁻² s⁻¹,s,,,min⁻¹,min⁻¹,,s,secs,,s,s,,µmol/mol,mmol/mol,µmol/mol,mmol/mol,µmol/mol,mmol/mol,%,%,µmol mol⁻¹,µmol mol⁻¹ min⁻¹,µmol mol⁻¹,,, min⁻¹,,,mmol mol⁻¹,mmol mol⁻¹ min⁻¹,mmol mol⁻¹,,,,,%,%,µmol/mol,mmol/mol,mmol/mol,,,,mmol/mol,,,,µmol mol⁻¹,µmol mol⁻¹,mmol mol⁻¹,mmol mol⁻¹,min,min,,µmol s⁻¹,µmol s⁻¹,°C,°C,°C,°C,°C,%,%,%,°C,µmol mol⁻¹,mmol mol⁻¹,%,%
1,1682611668,0,20230427 09:07:47,9:07:47,a1.hypgla.2,18.55959657,1682611660,0.007749233,12.31716465,384.8584194,344.4777338,34.94170498,39.03767364,0.663654762,2.952885338,0.590584144,0.375007561,321.4422661,27.4405724,26.82087419,3.541677592,60.801873,2.248722173,3.698442272,1.292955419,-341.7411577,117.5626176,8.608424623,105.8721506,0,0,1,0,53483.89409,RECT-1505-20210918-17_20_47,10288.4,812.936,2752.91,1939.974,0.704699391,-1,MPF-885-20230427-09_17_40,10314.9,2.287146154,2.2092,-0.035282525,0.5,1681.18321,12.31716465,-29.65819417,1,0.007921305,1245.111715,-,0,2.2092,-0.035282525,0.999197504,9.61E-05,1.417906013,0,1,885,300,300,300,10314.9,1.94,-0.00688125,-1.22,1999.98,1681.18321,0.840600011,0.191200022,6,0.5,0: Broadleaf,2,1682611660,384.8584194,400.1535806,22.16934516,14.59406774,394.2593871,22.71046774,600.1710645,101.3285161,0.105340258,27.55935161,26.82087419,999.9,0,0,10000.77097,0,162.8760323,1999.98,0.979998323,0.020001677,0,2.257703226,0,19347.46129,16305.87097,42.375,43.812,43.09248387,41.75,41.784,1959.979677,40.00032258,0,1682612259,0,2.287146154,0.446092327,-2630.769231,19331.86923,15,1682611638,9:07:18,1682611638,1682611637,1,-0.785,0.155,-9.514,-0.71,399,14,0.17,0.03,-15.3791775,1.376783865,0.217081268,0,2.257562857,0.704082975,0.234938104,1,7.46260775,1.650260826,0.250743569,0,1,3,3-Jan,100,100,-9.398,-0.5455,-6.310266242,-0.007814304,-3.18E-07,6.48E-10,-0.598278347,-0.027428369,0.001386821,-3.01E-06,5,2011,2,27,0.5,0.5,2,623.454,444.169,25.9991,27.2786,30,27.3228,27.3227,21.1027,41.4218,96.1724,26,400,14.4486,101.615,102.799
2,1682611702,34,20230427 09:08:21,9:08:21,a1.hypgla.2,22.40830158,1682611694,0.007525743,13.83155581,383.1797333,336.0776086,34.09023796,38.86807082,0.617251413,2.951479858,0.553490997,0.351110035,321.4451208,27.53415052,26.83699667,3.54503713,59.49248661,2.204921455,3.706218349,1.340115675,-331.8852518,120.6560605,8.84144586,119.0573753,0,0,1,0,53436.61791,RECT-1505-20210918-17_20_47,10288.4,812.936,2752.91,1939.974,0.704699391,-1,MPF-886-20230427-09_18_14,10314.2,2.205380769,2.466,0.105685008,0.5,1681.19832,13.83155581,88.8387293,1,0.008822014,1115.34631,-,0,2.466,0.105685008,0.999104221,-0.000321566,1.41777364,0,1,886,300,300,300,10314.2,1.7,-0.00688079,-1.06,1999.998,1681.19832,0.840600001,0.191200001,6,0.5,0: Broadleaf,2,1682611694,383.1797333,399.8907,21.73715333,14.37689333,392.5673333,22.29103333,600.1544333,101.33,0.105612167,27.59526667,26.83699667,999.9,0,0,9992.647333,0,144.6292667,1999.998,0.9800002,0.01999976,0,2.23359,0,18153.64,16306.03667,42.40393333,43.812,43.062,41.75,41.812,1959.998,40,0,33,0,2.205380769,-0.055627361,-1420.358975,18149.31154,15,1682611638,9:07:18,1682611638,1682611637,1,-0.785,0.155,-9.514,-0.71,399,14,0.17,0.03,-16.6253125,-1.980577486,0.199784359,0,2.183060606,0.426862314,0.239901062,1,7.41238175,-1.306406567,0.126267227,0,1,3,3-Jan,100,100,-9.385,-0.5548,-6.310266242,-0.007814304,-3.18E-07,6.48E-10,-0.598278347,-0.027428369,0.001386821,-3.01E-06,5,2011,2,27,1.1,1.1,2,624.82,443.799,26.0001,27.2643,30.0001,27.3081,27.3165,21.1212,40.158,95.0274,26,400,14.6675,101.612,102.802
3,1682611743,75.5,20230427 09:09:03,9:09:03,a1.hypgla.2,25.77473536,1682611735,0.007174312,15.22818497,381.9137419,329.215659,33.3943358,38.73982113,0.590818286,2.952798833,0.532147934,0.337376924,321.447036,27.66210077,26.84439355,3.546579394,59.71247542,2.217896599,3.714293509,1.328682796,-316.3871655,125.4586562,9.191314503,139.7098412,0,0,1,0,53468.40297,RECT-1505-20210918-17_20_47,10288.4,812.936,2752.91,1939.974,0.704699391,-1,MPF-887-20230427-09_18_55,10313.8,2.200365385,2.6672,0.175027975,0.5,1681.2084,15.22818497,147.129251,1,0.009652691,1031.134823,-,0,2.6672,0.175027975,0.999031134,-0.000576148,1.417669928,0,1,887,300,300,300,10313.8,1.65,-0.00688055,-0.67,2000.01,1681.2084,0.840599997,0.191199994,6,0.5,0: Broadleaf,2,1682611735,381.9137419,399.8765161,21.86497419,14.84962903,391.2915484,22.41511613,600.1796774,101.3303548,0.105694387,27.63249355,26.84439355,999.9,0,0,10000.09839,0,134.0873548,2000.01,0.98000171,0.0199982,0,2.203432258,0,17376.4871,16306.15484,42.437,43.762,43.062,41.75,41.812,1960.01,40,0,40.4000001,0,2.200365385,-0.444352127,-785.3675203,17373.39231,15,1682611638,9:07:18,1682611638,1682611637,1,-0.785,0.155,-9.514,-0.71,399,14,0.17,0.03,-17.8815625,-1.830187992,0.193415362,0,2.210182353,-0.197879053,0.207900765,1,7.0531275,-0.703460488,0.07243316,0,1,3,3-Jan,100,100,-9.377,-0.5495,-6.310266242,-0.007814304,-3.18E-07,6.48E-10,-0.598278347,-0.027428369,0.001386821,-3.01E-06,5,2011,2,27,1.8,1.8,2,624.988,443.056,25.9994,27.269,30.0003,27.3103,27.3212,21.1592,37.7966,93.4817,26,400,15.0468,101.604,102.792
4,1682612335,667,20230427 09:18:54,9:18:54,f1.hypgla.2,19.09854258,1682612327,0.008634138,12.93793303,383.8473548,341.7813743,34.67405289,38.94168753,0.677430384,2.95244322,0.601470035,0.382031328,321.4386108,28.20310625,28.05202903,3.806365101,61.11249328,2.394537492,3.918245457,1.411827609,-380.7654982,79.27439016,5.870360815,25.81786357,0,0,1,0,53295.67789,RECT-1505-20210918-17_20_47,10288.4,812.936,2752.91,1939.974,0.704699391,-1,MPF-888-20230427-09_28_47,10284.9,2.154992,2.0372,-0.057820538,0.5,1681.163971,12.93793303,-48.60290263,1,0.008290645,1350.32044,-,0,2.0372,-0.057820538,0.999259983,0.000145261,1.417994674,0,1,888,300,300,300,10284.9,1.29,-0.00686082,-0.55,1999.957097,1681.163971,0.840600018,0.191200035,6,0.5,0: Broadleaf,2,1682612327,383.8473548,400.0947419,23.60290323,15.1750129,393.0328065,24.11324839,600.1749355,101.3440323,0.106940484,28.55007097,28.05202903,999.9,0,0,9996.730323,0,245.8129677,1999.957097,0.979998387,0.020001681,0,2.16283871,0,17133.12258,16305.70645,43.895,45.48374194,44.60264516,43.544,43.282,1959.956774,40.00032258,0,590.3999999,0,2.154992,0.457199996,-3238.100005,17096.956,15,1682612304,9:18:24,1682612291,1682612304,2,0.206,-0.015,-9.311,-0.714,400,15,0.16,0.01,-16.308725,1.064636398,0.138002101,0,2.160325714,0.153818395,0.215354923,1,8.30240275,2.142657298,0.267931732,0,1,3,3-Jan,100,100,-9.185,-0.5171,-6.104346927,-0.007814304,-3.18E-07,6.48E-10,-0.613212285,-0.027428369,0.001386821,-3.01E-06,5,2011,2,27,0.7,0.5,2,630.83,424.167,26.0021,28.3546,30.0015,28.2101,28.1887,21.2207,43.445,95.5152,26,400,14.8724,101.401,102.591
5,1682612375,707.5,20230427 09:19:35,9:19:35,f1.hypgla.2,20.5870738,1682612367,0.008589866,13.36678168,383.2697667,338.4787794,34.3384956,38.88251789,0.649280311,2.952002822,0.57914372,0.367632966,321.4424076,28.2840952,28.08877667,3.814523793,59.87596617,2.355581476,3.934101822,1.458942316,-378.8131109,84.48762893,6.260653992,33.37757968,0,0,1,0,53270.56997,RECT-1505-20210918-17_20_47,10288.4,812.936,2752.91,1939.974,0.704699391,-1,MPF-889-20230427-09_29_27,10281.3,2.314588,2.038,-0.135715407,0.5,1681.18404,13.36678168,-114.0812883,1,0.008545633,1349.78999,-,0,2.038,-0.135715407,0.999259692,0.000341089,1.417994262,0,1,889,300,300,300,10281.3,1.82,-0.0068581,-0.47,1999.981,1681.18404,0.840600006,0.191200011,6,0.5,0: Broadleaf,2,1682612367,383.2697667,399.9240667,23.21925667,14.83121667,392.4507333,23.74215,600.1699667,101.3424,0.107078333,28.61965,28.08877667,999.9,0,0,9994.392,0,245.7348,1999.981,0.9800001,0.019999863,0,2.320256667,0,15283.31333,16305.89,44.0893,45.6187,44.7562,43.7143,43.4559,1959.981,40,0,39.60000014,0,2.314588,0.597238465,-1932.4,15267.184,15,1682612304,9:18:24,1682612291,1682612304,2,0.206,-0.015,-9.311,-0.714,400,15,0.16,0.01,-16.6671125,0.137929081,0.040379569,1,2.308945714,0.370959687,0.187978598,1,8.4348395,-0.876506792,0.087770863,0,2,3,3-Feb,100,100,-9.181,-0.5226,-6.104346927,-0.007814304,-3.18E-07,6.48E-10,-0.613212285,-0.027428369,0.001386821,-3.01E-06,5,2011,2,27,1.4,1.2,2,633.124,422.005,26.0008,28.5255,30.0016,28.3569,28.3385,21.2316,42.3937,93.2109,26,400,15.0124,101.368,102.563
6,1682612413,745.5,20230427 09:20:13,9:20:13,f1.hypgla.2,20.79598178,1682612405,0.008640471,13.50132823,383.1543333,337.9529553,34.28615346,38.87194376,0.649227739,2.952735175,0.579117239,0.367614492,321.4428754,28.3114453,28.13786,3.825445045,59.79476566,2.357895154,3.943313646,1.467549891,-381.0447808,83.11198106,6.159928941,29.67000464,0,0,1,0,53284.75563,RECT-1505-20210918-17_20_47,10288.4,812.936,2752.91,1939.974,0.704699391,-1,MPF-890-20230427-09_30_05,10279.1,2.225408,2.5652,0.132462186,0.5,1681.18907,13.50132823,111.3469898,1,0.008625638,1072.175581,-,0,2.5652,0.132462186,0.999068186,-0.000419304,1.417722506,0,1,890,300,300,300,10279.1,1.37,-0.00685658,-0.84,1999.987333,1681.18907,0.840599859,0.191199718,6,0.5,0: Broadleaf,2,1682612405,383.1543333,399.9611667,23.24138333,14.80430333,392.3343,23.76357333,600.1831,101.3450333,0.107411233,28.65996,28.13786,999.9,0,0,9998.288667,0,246.4618,1999.987333,0.9800048,0.0199951,0,2.235223333,0,14204.92333,16305.98667,44.2624,45.75,44.89153333,43.8582,43.625,1959.997,39.99033333,0,37.20000005,0,2.225408,-0.096238454,-1216.569229,14190.708,15,1682612304,9:18:24,1682612291,1682612304,2,0.206,-0.015,-9.311,-0.714,400,15,0.16,0.01,-16.83025,0.415918199,0.055322337,1,2.241035294,-0.018243449,0.190764479,1,8.472785,-0.719850732,0.069795481,0,2,3,3-Feb,100,100,-9.18,-0.5233,-6.104346927,-0.007814304,-3.18E-07,6.48E-10,-0.613212285,-0.027428369,0.001386821,-3.01E-06,5,2011,2,27,2,1.8,2,633.987,420.227,26.0007,28.6917,30.0016,28.5046,28.4842,21.2404,42.0484,91.3167,26,400,15.015,101.335,102.528
7,1682612751,1083.1,20230427 09:25:50,9:25:50,b4.hypgla.2,36.01307742,1682612743,0.00466966,11.33481303,386.9200333,317.6053112,32.22521039,39.25809499,0.314741584,2.953651418,0.29722538,0.187258342,321.4405486,29.439365,28.59730333,3.929003151,60.1057938,2.384528624,3.967219254,1.544474526,-205.932008,26.57404394,1.974478576,144.0570631,0,0,1,0,53293.19934,RECT-1505-20210918-17_20_47,10288.4,812.936,2752.91,1939.974,0.704699391,-1,MPF-891-20230427-09_35_43,10247.5,2.218973077,2.908,0.236941858,0.5,1681.17399,11.33481303,199.1702444,1,0.007337023,945.6678129,-,0,2.908,0.236941858,0.998943663,-0.000850621,1.417545802,0,1,891,300,300,300,10247.5,1.28,-0.0068349,-0.49,1999.969,1681.17399,0.840600024,0.191200049,6,0.5,0: Broadleaf,2,1682612743,386.9200333,400.0578667,23.50144333,18.94283333,396.0452,24.03703,600.1719333,101.3575333,0.105538133,28.76418667,28.59730333,999.9,0,0,10002.25667,0,241.3022,1999.969,0.9799997,0.020000277,0,2.248133333,0,15868.64667,16305.80333,44.8204,46.50206667,45.5,44.4769,44.187,1959.968,40.001,0,337,0,2.218973077,-0.370964111,-2241.849569,15852.85,15,1682612708,9:25:07,1682612702,1682612708,3,0.084,-0.023,-9.229,-0.664,400,19,0.22,0.02,-13.0990475,-0.421086304,0.096290687,1,2.212933333,-0.070116285,0.215041077,1,4.5771395,-0.490034296,0.056372736,0,2,3,3-Feb,100,100,-9.125,-0.5388,-6.02070306,-0.007814304,-3.18E-07,6.48E-10,-0.635828838,-0.027428369,0.001386821,-3.01E-06,5,2011,2,27,0.8,0.7,2,625.344,428.549,26.0009,29.0114,29.9997,28.9096,28.8956,21.3564,30.6308,98.427,26,400,19.1702,101.289,102.493
8,1682612802,1134.1,20230427 09:26:41,9:26:41,b4.hypgla.2,40.24705774,1682612794,0.004281912,11.6375348,386.6980323,310.6682476,31.52189283,39.23624003,0.289152436,2.952296539,0.274290034,0.172702915,321.4482201,29.46310866,28.50463548,3.907921275,60.0813035,2.372990428,3.949632064,1.534930848,-188.8323321,29.11524166,2.162463702,163.8935934,0,0,1,0,53267.45235,RECT-1505-20210918-17_20_47,10288.4,812.936,2752.91,1939.974,0.704699391,-1,MPF-892-20230427-09_36_34,10247,2.152107692,1.8716,-0.149875877,0.5,1681.214632,11.6375348,-125.9867591,1,0.007516907,1469.885873,-,0,1.8716,-0.149875877,0.999320138,0.000345851,1.418080036,0,1,892,300,300,300,10247,0.95,-0.00683461,-0.59,2000.017419,1681.214632,0.840599995,0.19119999,6,0.5,0: Broadleaf,2,1682612794,386.6980323,399.9876452,23.38732581,19.20672903,395.8213871,23.92665161,600.1683548,101.3589032,0.10590071,28.68756129,28.50463548,999.9,0,0,9994.43129,0,241.9514839,2000.017419,0.980001516,0.0199984,0,2.182545161,0,14608.00645,16306.19355,44.937,46.56403226,45.562,44.562,44.25,1960.017419,40,0,50.20000005,0,2.152107692,-0.033121374,-1225.863248,14596.56538,15,1682612708,9:25:07,1682612702,1682612708,3,0.084,-0.023,-9.229,-0.664,400,19,0.22,0.02,-13.2729825,-0.37949606,0.059242417,1,2.184311765,-0.336910397,0.162738294,1,4.190493,-0.133331932,0.020670019,0,2,3,3-Feb,100,100,-9.123,-0.5395,-6.02070306,-0.007814304,-3.18E-07,6.48E-10,-0.635828838,-0.027428369,0.001386821,-3.01E-06,5,2011,2,27,1.7,1.6,2,625.226,427.909,26,28.9826,29.9997,28.8861,28.8753,21.3607,29.2189,97.2886,26,400,19.2295,101.308,102.506
9,1682612847,1179.1,20230427 09:27:26,9:27:26,b4.hypgla.2,41.65925034,1682612839,0.004210915,11.77532466,386.5776333,308.2430012,31.27625666,39.22457682,0.282658103,2.953981545,0.268445859,0.168996006,321.4507707,29.44762586,28.48568333,3.903621847,59.8969639,2.361130101,3.941986284,1.542491745,-185.7013524,26.83022964,1.991094699,164.5707426,0,0,1,0,53322.28465,RECT-1505-20210918-17_20_47,10288.4,812.936,2752.91,1939.974,0.704699391,-1,MPF-893-20230427-09_37_19,10246.2,2.2603,2.4716,0.08549118,0.5,1681.23027,11.77532466,71.86517965,1,0.007598795,1112.816961,-,0,2.4716,0.08549118,0.999102186,-0.000260715,1.417770754,0,1,893,300,300,300,10246.2,1.72,-0.00683404,-1.12,2000.036333,1681.23027,0.840599864,0.191199728,6,0.5,0: Broadleaf,2,1682612839,386.5776333,399.9766,23.27010667,19.15847,395.7001333,23.81325,600.1882333,101.3605333,0.105701233,28.65415667,28.48568333,999.9,0,0,10003.835,0,229.0701667,2000.036333,0.9800027,0.0199972,0,2.258443333,0,14051.66333,16306.35333,44.9958,46.625,45.6166,44.6103,44.312,1960.044667,39.99166667,0,44,0,2.2603,0.630194868,-477.9179492,14050.95,15,1682612708,9:25:07,1682612702,1682612708,3,0.084,-0.023,-9.229,-0.664,400,19,0.22,0.02,-13.4000975,0.061203377,0.031212862,1,2.294065714,-0.213985127,0.230483225,1,4.123903,-0.2556797,0.025246536,0,2,3,3-Feb,100,100,-9.122,-0.5439,-6.02070306,-0.007814304,-3.18E-07,6.48E-10,-0.635828838,-0.027428369,0.001386821,-3.01E-06,5,2011,2,27,2.4,2.3,2,625.33,427.271,26.001,28.9429,29.9998,28.8578,28.849,21.3656,29.4942,96.5341,26,400,19.2745,101.322,102.52
10,1682613297,1629.1,20230427 09:34:56,9:34:56,g6.hypgla.2,21.58160915,1682613289,0.008071231,15.04193808,382.0455484,336.2771155,34.12270189,38.76691502,0.69697945,2.954843276,0.616905525,0.391990963,321.4398268,28.50880771,27.68336774,3.725353834,61.64738188,2.43807328,3.954869137,1.287280555,-355.9412808,163.6093319,12.09309695,141.2009749,0,0,1,0,53337.43754,RECT-1505-20210918-17_20_47,10288.4,812.936,2752.91,1939.974,0.704699391,-1,MPF-894-20230427-09_44_49,10263.9,2.263436,2.1724,-0.041905726,0.5,1681.170464,15.04193808,-35.22533473,1,0.009542125,1266.220586,-,0,2.1724,-0.041905726,0.999210871,0.000112284,1.417924982,0,1,894,300,300,300,10263.9,1.25,-0.00684614,-0.65,1999.964839,1681.170464,0.84060001,0.19120002,6,0.5,0: Broadleaf,2,1682613289,382.0455484,400.1652903,24.02706129,16.15226774,391.1114194,24.53749032,600.1911935,101.3644516,0.107519935,28.71040968,27.68336774,999.9,0,0,10008.34194,0,234.0601613,1999.964839,0.980001387,0.019999013,0,2.285932258,0,15684.74516,16305.77419,45.058,46.641,45.75,44.921,44.393,1959.966129,40,0,449,0,2.263436,-0.231076929,-3526.053851,15651.896,15,1682613268,9:34:28,1682613262,1682613268,4,0.021,0.008,-9.207,-0.714,400,16,0.14,0.02,-18.092495,-0.296141088,0.10778951,1,2.252348571,-0.011380039,0.203866312,1,7.63292125,4.06196454,0.49260431,0,2,3,3-Feb,100,100,-9.065,-0.5205,-5.999769765,-0.007814304,-3.18E-07,6.48E-10,-0.628042503,-0.027428369,0.001386821,-3.01E-06,5,2011,2,27,0.6,0.5,2,627.55,415.059,26.0029,28.8272,30.0004,28.7673,28.7624,21.3287,43.0057,95.1372,26,400,15.7374,101.328,102.527
11,1682613338,1670.6,20230427 09:35:38,9:35:38,g6.hypgla.2,22.97924293,1682613330,0.007930421,15.05666593,381.8714667,333.601329,33.85120432,38.74927321,0.655228981,2.953219768,0.5839027,0.370698468,321.4445984,28.57934381,27.62102,3.711803061,59.93246718,2.374969792,3.96274324,1.336833269,-349.7315515,178.9076925,13.22929664,163.8500361,0,0,1,0,53284.27707,RECT-1505-20210918-17_20_47,10288.4,812.936,2752.91,1939.974,0.704699391,-1,MPF-895-20230427-09_45_30,10262.2,2.246484,2.2988,0.022757961,0.5,1681.197789,15.05666593,19.13031659,1,0.00955073,1196.542196,-,0,2.2988,0.022757961,0.999164956,-6.45E-05,1.417859827,0,1,895,300,300,300,10262.2,1.45,-0.00684501,-0.75,1999.997667,1681.197789,0.840599875,0.191199751,6,0.5,0: Broadleaf,2,1682613330,381.8714667,399.9506,23.40516667,15.6629,390.9361,23.93637333,600.1969333,101.3650667,0.1069641,28.74471333,27.62102,999.9,0,0,9999.063,0,234.673,1999.997667,0.9800049,0.0199955,0,2.251213333,0,13838.07667,16306.07,45.125,46.67873333,45.75,45,44.479,1960.007,39.99166667,0,40.79999995,0,2.246484,-0.330576914,-1636.90769,13818.868,15,1682613268,9:34:28,1682613262,1682613268,4,0.021,0.008,-9.207,-0.714,400,16,0.14,0.02,-18.12052,0.789163227,0.081392162,0,2.263305882,-0.1193153,0.200727028,1,7.77808975,-0.670542326,0.06618001,0,1,3,3-Jan,100,100,-9.066,-0.5309,-5.999769765,-0.007814304,-3.18E-07,6.48E-10,-0.628042503,-0.027428369,0.001386821,-3.01E-06,5,2011,2,27,1.3,1.2,2,628.338,413.978,26,28.868,30.0005,28.7872,28.7853,21.3354,42.3113,92.8063,26,400,15.8318,101.323,102.52
12,1682613379,1711.6,20230427 09:36:19,9:36:19,g6.hypgla.2,22.93191035,1682613371,0.007837694,14.72341207,382.2272258,334.0582632,33.89798108,38.78584275,0.642049086,2.95367878,0.573412371,0.363936117,321.4459334,28.61558567,27.64401613,3.716796067,59.80011027,2.371416016,3.96557131,1.345380051,-345.6422939,177.2332206,13.10574456,166.1426047,0,0,1,0,53295.43426,RECT-1505-20210918-17_20_47,10288.4,812.936,2752.91,1939.974,0.704699391,-1,MPF-896-20230427-09_46_11,10261,2.254756,2.016,-0.118430556,0.5,1681.202455,14.72341207,-99.55287036,1,0.00935248,1364.530754,-,0,2.016,-0.118430556,0.999267684,0.000294426,1.418005602,0,1,896,300,300,300,10261,1.45,-0.00684414,-0.82,2000.002903,1681.202455,0.840600007,0.191200014,6,0.5,0: Broadleaf,2,1682613371,382.2272258,399.9404839,23.36986129,15.71789677,391.2945484,23.90223871,600.201,101.3656774,0.107582806,28.75701935,27.64401613,999.9,0,0,10001.60839,0,236.3659032,2000.002903,0.98000171,0.01999859,0,2.229951613,0,12855.57419,16306.09032,45.187,46.687,45.794,45.062,44.56,1960.007742,40.00064516,0,40,0,2.254756,-0.657092299,-1251.830769,12841.912,15,1682613268,9:34:28,1682613262,1682613268,4,0.021,0.008,-9.207,-0.714,400,16,0.14,0.02,-17.722975,-0.047455159,0.054849643,1,2.229294286,-0.037350294,0.225686642,1,7.68852775,-0.847219024,0.082215386,0,2,3,3-Feb,100,100,-9.067,-0.5321,-5.999769765,-0.007814304,-3.18E-07,6.48E-10,-0.628042503,-0.027428369,0.001386821,-3.01E-06,5,2011,2,27,1.9,1.9,2,628.562,413.458,25.9999,28.9082,30.0006,28.8155,28.8133,21.3491,41.4217,90.1011,26,400,15.9465,101.311,102.509
13,1682613748,2080.6,20230427 09:42:28,9:42:28,g7.hypgla.2,12.31135148,1682613740,0.005362782,4.923783152,393.1075484,363.5097356,36.8865774,39.8899688,0.399938476,2.95288188,0.372099048,0.234901478,321.4398872,29.17053918,28.19956774,3.83921398,61.36760282,2.421872421,3.946499961,1.417341559,-236.4986933,75.5091204,5.598263094,166.0485775,0,0,1,0,53287.00354,RECT-1505-20210918-17_20_47,10288.4,812.936,2752.91,1939.974,0.704699391,-1,MPF-897-20230427-09_52_20,10337.8,2.291046154,2.23863,-0.023414389,0.5,1681.173174,4.923783152,-19.68182141,1,0.003523601,1228.72979,-,0,2.23863,-0.023414389,0.999186813,6.47E-05,1.417890843,0,1,897,300,300,300,10337.8,1.7,-0.00689462,0.04,1999.968387,1681.173174,0.840599874,0.191199748,6,0.5,0: Broadleaf,2,1682613740,393.1075484,400.1373871,23.86706129,18.63383226,402.2399032,24.38354194,600.1787742,101.3660323,0.107391387,28.67388387,28.19956774,999.9,0,0,9997.05,0,162.6540968,1999.968387,0.980003129,0.0199965,0,2.300003226,0,21150.76774,16305.81935,45.187,46.399,45.83435484,44.96545161,44.5,1959.977419,39.99096774,0,367.8,0,2.291046154,-0.776191457,-4471.774359,21132.9,15,1682613722,9:42:01,1682613712,1682613722,5,0.02,-0.001,-9.187,-0.667,400,18,0.47,0.02,-6.93744425,-1.878743527,0.207624922,0,2.278873529,-0.249306273,0.220348534,1,5.05583575,3.247591182,0.336912273,0,1,3,3-Jan,100,100,-9.131,-0.5241,-5.979878519,-0.007814304,-3.18E-07,6.48E-10,-0.62866035,-0.027428369,0.001386821,-3.01E-06,5,2011,2,27,0.6,0.4,2,626.525,412.665,26,29.4046,30.0009,29.2914,29.2797,21.4346,34.8289,93.9985,26,400,18.2086,101.188,102.39
14,1682613792,2124.1,20230427 09:43:11,9:43:11,g7.hypgla.2,15.2848397,1682613784,0.005229017,5.692177133,392.2299667,357.3912436,36.2656112,39.80080577,0.372406728,2.95402481,0.348152366,0.219642616,321.4435258,29.21269768,28.19931667,3.83915787,59.81480375,2.361664857,3.948294918,1.477493013,-230.5996611,76.8268245,5.693969298,173.3646585,0,0,1,0,53318.79431,RECT-1505-20210918-17_20_47,10288.4,812.936,2752.91,1939.974,0.704699391,-1,MPF-898-20230427-09_53_04,10335.9,2.260019231,2.6392,0.143672616,0.5,1681.188663,5.692177133,120.7703869,1,0.003980622,1042.085026,-,0,2.6392,0.143672616,0.999041305,-0.000467953,1.417684361,0,1,898,300,300,300,10335.9,1.52,-0.00689316,-0.97,1999.986333,1681.188663,0.840600075,0.191200151,6,0.5,0: Broadleaf,2,1682613784,392.2299667,399.9705667,23.27379333,18.16816,401.3556,23.80987333,600.198,101.3664,0.1067386,28.68172333,28.19931667,999.9,0,0,10003.50167,0,164.8212333,1999.986333,0.979995767,0.020003873,0,2.251506667,0,18570.07,16305.92333,45.25,46.375,45.875,44.89153333,44.55373333,1959.977333,40.00466667,0,42.5999999,0,2.260019231,0.316434185,-2525.4906,18562.14615,15,1682613722,9:42:01,1682613712,1682613722,5,0.02,-0.001,-9.187,-0.667,400,18,0.47,0.02,-7.7065045,-0.89811152,0.092771671,0,2.2642,0.119381127,0.216012068,1,5.12792,-0.525413358,0.051975137,0,1,3,3-Jan,100,100,-9.126,-0.5367,-5.979878519,-0.007814304,-3.18E-07,6.48E-10,-0.62866035,-0.027428369,0.001386821,-3.01E-06,5,2011,2,27,1.3,1.2,2,627.96,411.95,26.0021,29.5033,30.0012,29.3788,29.3711,21.4393,33.6979,92.4663,26,400,18.3276,101.161,102.366
15,1682613835,2167.6,20230427 09:43:55,9:43:55,g7.hypgla.2,17.93968183,1682613827,0.004897539,6.173730046,391.8688333,352.637493,35.78532209,39.76648171,0.344138213,2.954101871,0.323316357,0.203838417,321.4482893,29.33254809,28.27169667,3.855362992,59.78721134,2.365290895,3.956182003,1.490072097,-215.9814543,70.78166799,5.248587268,181.4970902,0,0,1,0,53315.07187,RECT-1505-20210918-17_20_47,10288.4,812.936,2752.91,1939.974,0.704699391,-1,MPF-899-20230427-09_53_47,10335.1,2.322230769,3.2272,0.28041932,0.5,1681.21234,6.173730046,235.7222109,1,0.004266998,852.0335895,-,0,3.2272,0.28041932,0.998827713,-0.001117648,1.417381264,0,1,899,300,300,300,10335.1,2.1,-0.00689277,-0.46,2000.014333,1681.21234,0.840600146,0.191200291,6,0.5,0: Broadleaf,2,1682613827,391.8688333,399.9590333,23.30816667,18.52639,400.9915333,23.84314333,600.2019333,101.3720667,0.106995533,28.71613333,28.27169667,999.9,0,0,10003.38,0,165.5625333,2000.014333,0.9799938,0.0200058,0,2.313043333,0,17014.58,16306.13333,45.312,46.375,45.937,44.8666,44.562,1960.004333,40.01,0,42.80000019,0,2.322230769,-0.07964444,-1583.71282,17007.39231,15,1682613722,9:42:01,1682613712,1682613722,5,0.02,-0.001,-9.187,-0.667,400,18,0.47,0.02,-8.08734975,0.021485966,0.042432792,1,2.322672727,0.302704453,0.165301703,1,4.8127915,-0.569973659,0.056631377,0,2,3,3-Feb,100,100,-9.123,-0.534,-5.979878519,-0.007814304,-3.18E-07,6.48E-10,-0.62866035,-0.027428369,0.001386821,-3.01E-06,5,2011,2,27,2,1.9,2,628.018,412.037,26.0013,29.6078,30.0008,29.4614,29.4522,21.4539,31.6288,91.3294,26,400,18.7045,101.141,102.347
16,1682614510,2842,20230427 09:55:09,9:55:09,c3.hypgla.2,26.53260312,1682614502,0.010608471,24.49962431,371.7735806,315.8255585,32.0565538,37.73532403,0.923378087,2.953553458,0.788157079,0.503088599,321.4442605,28.68766449,28.47265161,3.900667904,62.12452906,2.578084208,4.149865193,1.322583696,-467.8335727,170.4203316,12.70408969,36.7351091,0,0,1,0,53153.92043,RECT-1505-20210918-17_20_47,10288.4,812.936,2752.91,1939.974,0.704699391,-1,MPF-900-20230427-10_05_02,10279.3,2.28404,2.6744,0.145961711,0.5,1681.196448,24.49962431,122.6951551,1,0.015167546,1028.356117,-,0,2.6744,0.145961711,0.999028519,-0.00048177,1.417666216,0,1,900,300,300,300,10279.3,1.91,-0.00685638,-0.76,1999.996129,1681.196448,0.840599851,0.191199702,6,0.5,0: Broadleaf,2,1682614502,371.7735806,400.2089355,25.39963871,15.06360645,380.6071935,25.84196129,600.1734194,101.3915806,0.109241355,29.54291613,28.47265161,999.9,0,0,9998.341935,0,298.1863871,1999.996129,0.980006935,0.0199929,0,2.285616129,0,17015.17097,16306.06129,46.062,48.048,46.77,45.883,45.431,1960.006129,39.99,0,673.3999999,0,2.28404,0.069346151,-511.3615392,17010.172,15,1682614480,9:54:40,1682614466,1682614480,7,0.036,0.009,-9.058,-0.702,400,15,0.18,0.02,-28.44821951,-0.378616725,0.149239463,1,2.286770588,-0.010872718,0.215464513,1,9.983601463,5.281626063,0.683810581,0,2,3,3-Feb,100,100,-8.831,-0.4556,-5.849110038,-0.007814304,-3.18E-07,6.48E-10,-0.607854418,-0.027428369,0.001386821,-3.01E-06,5,2011,2,27,0.7,0.5,2,629.684,402.453,26.0032,30.5506,30.0007,30.4851,30.4798,21.4105,48.3125,92.8995,26,400,14.4608,100.999,102.209
17,1682614550,2882.5,20230427 09:55:50,9:55:50,c3.hypgla.2,28.72157254,1682614542,0.010759778,25.47692306,370.5452581,310.5480847,31.51909223,37.60850812,0.887030925,2.953225207,0.761464325,0.485708375,321.4458116,28.72260777,28.42858065,3.890692634,60.02734988,2.501692791,4.167588267,1.388999843,-474.5062033,189.1943258,14.10728104,50.24121513,0,0,1,0,53131.30288,RECT-1505-20210918-17_20_47,10288.4,812.936,2752.91,1939.974,0.704699391,-1,MPF-901-20230427-10_05_42,10279,2.230164,2.528,0.117814873,0.5,1681.205555,25.47692306,99.03550982,1,0.015748772,1087.967563,-,0,2.528,0.117814873,0.999081699,-0.000367514,1.417741681,0,1,901,300,300,300,10279,1.53,-0.00685616,-0.31,2000.007097,1681.205555,0.840599795,0.191199589,6,0.5,0: Broadleaf,2,1682614542,370.5452581,399.9997419,24.64842258,14.1572129,379.3693548,25.11789355,600.1919677,101.3855484,0.109497903,29.61688065,28.42858065,999.9,0,0,9997.073871,0,266.8749355,2000.007097,0.980005129,0.01999469,0,2.241664516,0,16745.37742,16306.15161,46.187,48.125,46.875,45.97764516,45.558,1960.020645,39.98645161,0,39.60000014,0,2.230164,-0.77374615,-158.0076921,16742.76,15,1682614480,9:54:40,1682614466,1682614480,7,0.036,0.009,-9.058,-0.702,400,15,0.18,0.02,-29.4292439,-0.65301115,0.081884493,0,2.263026471,-0.464652578,0.161210013,1,10.52429268,-0.701167944,0.070484893,0,1,3,3-Jan,100,100,-8.823,-0.4699,-5.849110038,-0.007814304,-3.18E-07,6.48E-10,-0.607854418,-0.027428369,0.001386821,-3.01E-06,5,2011,2,27,1.4,1.2,2,631.025,401.048,26.002,30.6286,30.0008,30.5392,30.5401,21.4085,48.5653,89.8048,26,400,14.2802,100.988,102.197
18,1682614591,2923,20230427 09:56:30,9:56:30,c3.hypgla.2,29.28736626,1682614583,0.010878338,26.01065059,369.9702333,308.8871145,31.34917082,37.54853958,0.888118459,2.955316573,0.762342649,0.486272985,321.445241,28.77108453,28.46594,3.899147321,59.63411761,2.496545817,4.186438766,1.402601504,-479.7347132,195.8623076,14.60253809,52.17537356,0,0,1,0,53177.95715,RECT-1505-20210918-17_20_47,10288.4,812.936,2752.91,1939.974,0.704699391,-1,MPF-902-20230427-10_06_23,10278.6,2.379472,3.1384,0.241820036,0.5,1681.19461,26.01065059,203.2732703,1,0.016066344,876.1698955,-,0,3.1384,0.241820036,0.99885997,-0.000937182,1.417427038,0,1,902,300,300,300,10278.6,1.75,-0.00685574,-0.58,1999.993,1681.19461,0.840600247,0.191200495,6,0.5,0: Broadleaf,2,1682614583,369.9702333,399.9952667,24.59876333,13.99165,378.7897,25.06998333,600.2054,101.3812667,0.1094377,29.69525,28.46594,999.9,0,0,10009.37,0,218.9389667,1999.993,0.9799932,0.02000662,0,2.338253333,0,16617.16,16305.95333,46.312,48.2143,46.9475,46.062,45.67046667,1959.976,40.01633333,0,39.79999995,0,2.379472,1.256415375,-64.15384607,16616.5,15,1682614480,9:54:40,1682614466,1682614480,7,0.036,0.009,-9.058,-0.702,400,15,0.18,0.02,-29.98685122,-0.657098258,0.077045809,0,2.344021212,0.551661223,0.183285665,1,10.66102683,-0.965864111,0.097422066,0,1,3,3-Jan,100,100,-8.818,-0.4707,-5.849110038,-0.007814304,-3.18E-07,6.48E-10,-0.607854418,-0.027428369,0.001386821,-3.01E-06,5,2011,2,27,2.1,1.8,2,631.103,400.047,26.0023,30.7137,30.001,30.606,30.6072,21.4011,48.6833,86.2247,26,400,14.1208,100.974,102.188
19,1682614750,3082,20230427 09:59:09,9:59:09,c3.galpar.2,30.83055508,1682614742,0.001144874,1.959988716,397.6305333,337.1032617,34.21203521,40.3548448,0.06357293,2.953220969,0.062822334,0.039330658,321.4390106,30.88094169,29.91385333,4.239413641,59.90055099,2.450853349,4.091537237,1.788560292,-50.4889338,-98.1268026,-7.359268476,165.4640057,0,0,1,0,53187.21072,RECT-1505-20210918-17_20_47,10288.4,812.936,2752.91,1939.974,0.704699391,-1,MPF-903-20230427-10_09_02,10213,2.159538462,1.80887,-0.19386051,0.5,1681.16864,1.959988716,-162.9561054,1,0.001760673,1520.894885,-,0,1.80887,-0.19386051,0.999342924,0.000432322,1.418112372,0,1,903,300,300,300,10213,1.03,-0.00681172,-0.28,1999.963,1681.16864,0.840599871,0.191199742,6,0.5,0: Broadleaf,2,1682614742,397.6305333,400.0440667,24.14912333,23.03268,406.6262667,24.70358667,600.4206667,101.381,0.107294833,29.29753333,29.91385333,999.9,0,0,9997.498333,0,61.54721667,1999.963,0.980003,0.0199969,0,2.179353333,0,1621.146667,16305.77667,46.4308,48.1912,47.125,46.1103,45.75,1959.972333,39.99066667,0,158.2,0,2.159538462,0.18720683,-152.0235897,1620.408846,15,1682614731,9:58:50,1682614728,1682614731,8,0.04,-0.07,-9.014,-0.593,400,23,0.6,0.22,-1.780662915,-8.713587698,1.01988489,0,2.217081818,-0.707048949,0.20600542,1,0.832868929,4.13566495,0.456763752,0,1,3,3-Jan,100,100,-8.995,-0.5534,-5.809150758,-0.007814304,-3.18E-07,6.48E-10,-0.677908992,-0.027428369,0.001386821,-3.01E-06,5,2011,2,27,0.4,0.3,2,622.168,408.927,25.9979,30.8651,29.9997,30.7746,30.7684,21.5521,17.799,82.014,26,400,22.8757,100.948,102.153
20,1682614789,3121,20230427 09:59:48,9:59:48,c3.galpar.2,29.65448554,1682614781,0.001241066,2.055254203,397.4639667,338.8223382,34.38680482,40.33829623,0.069306689,2.953596437,0.068415727,0.042838925,321.4426094,30.82305341,29.88809,4.23314011,60.0613898,2.452759971,4.083754937,1.780380139,-54.73102864,-99.28682674,-7.443153621,159.9816004,0,0,1,0,53203.89755,RECT-1505-20210918-17_20_47,10288.4,812.936,2752.91,1939.974,0.704699391,-1,MPF-904-20230427-10_09_41,10212.7,2.196719231,1.6336,-0.344710597,0.5,1681.18767,2.055254203,-289.7616024,1,0.001817319,1684.179971,-,0,1.6336,-0.344710597,0.999406592,0.000694093,1.418202718,0,1,904,300,300,300,10212.7,1.1,-0.00681144,-0.01,1999.985667,1681.18767,0.840599859,0.191199719,6,0.5,0: Broadleaf,2,1682614781,397.4639667,400.0116667,24.16769667,22.95702,406.4584,24.72152333,600.1962667,101.3814667,0.107723833,29.26456333,29.88809,999.9,0,0,9999.583333,0,61.39993667,1999.985667,0.9800037,0.0199962,0,2.17017,0,1541.752333,16305.95667,46.437,48.125,47.1082,46.03513333,45.75,1959.995333,39.99033333,0,38,0,2.196719231,-0.263367524,-83.68034193,1541.463462,15,1682614731,9:58:50,1682614728,1682614731,8,0.04,-0.07,-9.014,-0.593,400,23,0.6,0.22,-2.568095122,0.236778188,0.04792904,1,2.186497143,0.205808219,0.165118426,1,1.212270488,-0.015994286,0.012519977,1,3,3,3-Mar,100,100,-8.995,-0.5539,-5.809150758,-0.007814304,-3.18E-07,6.48E-10,-0.677908992,-0.027428369,0.001386821,-3.01E-06,5,2011,2,27,1,1,2,623.64,409.164,25.9972,30.8396,29.9998,30.7674,30.7644,21.5489,18.077,82.014,26,400,22.9039,100.958,102.161
21,1682614828,3160,20230427 10:00:27,10:00:27,c3.galpar.2,30.62501672,1682614820,0.001233851,2.124030277,397.389129,337.2703707,34.23020877,40.33177542,0.069356053,2.956011746,0.068464549,0.042869487,321.4455476,30.75152903,29.82933226,4.218862499,60.24223899,2.449892862,4.066736069,1.768969637,-54.41281075,-101.5249573,-7.599779797,157.9079997,0,0,1,0,53286.69369,RECT-1505-20210918-17_20_47,10288.4,812.936,2752.91,1939.974,0.704699391,-1,MPF-905-20230427-10_10_20,10212.5,2.150292308,2.89508,0.257259797,0.5,1681.203223,2.124030277,216.2529996,1,0.001858211,949.8925487,-,0,2.89508,0.257259797,0.998948356,-0.000919445,1.417552462,0,1,905,300,300,300,10212.5,1.3,-0.0068114,0.19,2000.004194,1681.203223,0.840599849,0.191199697,6,0.5,0: Broadleaf,2,1682614820,397.389129,400.0025484,24.13880323,22.93516452,406.3829032,24.69360968,600.2134516,101.3847097,0.107184484,29.19227097,29.82933226,999.9,0,0,10012.97903,0,62.2361871,2000.004194,0.980004129,0.019995771,0,2.145932258,0,1495.359355,16306.09355,46.437,48.062,47.09451613,45.94106452,45.73170968,1960.014194,39.99,0,37.70000005,0,2.150292308,-0.206215389,-44.53914524,1495.142692,15,1682614731,9:58:50,1682614728,1682614731,8,0.04,-0.07,-9.014,-0.593,400,23,0.6,0.22,-2.62812,0.18881331,0.051139571,1,2.164317647,0.058179792,0.210014471,1,1.207736585,-0.07160676,0.007726924,1,3,3,3-Mar,100,100,-8.993,-0.5547,-5.809150758,-0.007814304,-3.18E-07,6.48E-10,-0.677908992,-0.027428369,0.001386821,-3.01E-06,5,2011,2,27,1.7,1.6,2,623.928,408.992,25.9981,30.8059,29.9999,30.758,30.7584,21.546,18.077,82.014,26,400,22.8485,100.965,102.165
22,1682615167,3499.5,20230427 10:06:07,10:06:07,h2.galpar.2,40.80362634,1682615159,0.001184213,2.640941495,396.8395333,320.2682255,32.50848885,40.28077879,0.064723206,2.954692948,0.063945764,0.040035174,321.4457357,30.83408582,29.91531667,4.239770215,59.3113835,2.421698413,4.083024657,1.818071802,-52.22379125,-104.1539936,-7.806063416,157.2618874,0,0,1,0,53236.45038,RECT-1505-20210918-17_20_47,10288.4,812.936,2752.91,1939.974,0.704699391,-1,MPF-906-20230427-10_15_59,10241.6,2.171804,1.6624,-0.306426853,0.5,1681.1989,2.640941495,-257.5822439,1,0.002165682,1654.985322,-,0,1.6624,-0.306426853,0.99939613,0.000627907,1.418187873,0,1,906,300,300,300,10241.6,1.06,-0.00683062,-0.2,1999.998333,1681.1989,0.840600151,0.191200301,6,0.5,0: Broadleaf,2,1682615159,396.8395333,399.9472333,23.85817,22.70339333,405.7938333,24.42621,600.6147333,101.3927,0.111246567,29.26146667,29.91531667,999.9,0,0,10004.7,0,205.1237333,1999.998333,0.9799961,0.020003663,0,2.16098,0,2788.337333,16306.01333,46.062,47.5998,46.75,45.8246,45.375,1959.988333,40.01,0,338.3,0,2.171804,0.463338461,-227.709231,2786.6484,15,1682615151,10:05:51,1682615151,1682615148,9,0.036,-0.004,-8.978,-0.613,400,22,0.99,0.1,-2.28218822,-15.77378459,1.717359105,0,2.147211429,0.628924664,0.194012677,1,0.846039878,5.915009681,0.634199697,0,1,3,3-Jan,100,100,-8.948,-0.5551,-5.772957806,-0.007814304,-3.18E-07,6.48E-10,-0.682025564,-0.027428369,0.001386821,-3.01E-06,5,2011,2,27,0.3,0.3,2,625.085,403.566,25.9983,30.528,29.9996,30.5314,30.5309,21.5426,22.5653,83.0743,26,400,22.5555,101.004,102.206
23,1682615205,3537,20230427 10:06:44,10:06:44,h2.galpar.2,37.05606112,1682615197,0.001586785,3.246646956,396.1259667,325.3986192,33.02769118,40.20645856,0.087614465,2.951838032,0.086194992,0.053997488,321.4483933,30.81069898,30.01275667,4.263572539,59.8996931,2.456908638,4.101704885,1.806663901,-69.97721519,-106.9783407,-8.032519651,136.4603178,0,0,1,0,53139.82128,RECT-1505-20210918-17_20_47,10288.4,812.936,2752.91,1939.974,0.704699391,-1,MPF-907-20230427-10_16_37,10241.1,2.247419231,1.5072,-0.491122101,0.5,1681.215163,3.246646956,-412.8409616,1,0.002525939,1825.506104,-,0,1.5072,-0.491122101,0.999452507,0.000912242,1.418267874,0,1,907,300,300,300,10241.1,1.09,-0.0068306,-0.42,2000.018,1681.215163,0.840600016,0.191200032,6,0.5,0: Broadleaf,2,1682615197,396.1259667,399.9999,24.20619333,22.65833,405.0734333,24.76266667,600.1983,101.3909667,0.1082077,29.34052667,30.01275667,999.9,0,0,9988.67,0,236.1999667,2000.018,0.9799975,0.020002217,0,2.24146,0,2700.685667,16306.2,46.125,47.583,46.75826667,45.812,45.39153333,1960.011667,40.00133333,0,36.5999999,0,2.247419231,-0.187620506,-111.020171,2700.333846,15,1682615151,10:05:51,1682615151,1682615148,9,0.036,-0.004,-8.978,-0.613,400,22,0.99,0.1,-3.857427805,-0.013627108,0.059522763,1,2.244231429,-0.064116634,0.199264056,1,1.553329756,-0.129023415,0.013561488,0,2,3,3-Feb,100,100,-8.948,-0.5565,-5.772957806,-0.007814304,-3.18E-07,6.48E-10,-0.682025564,-0.027428369,0.001386821,-3.01E-06,5,2011,2,27,0.9,0.9,2,626.279,403.94,25.9996,30.4904,29.9995,30.4841,30.4844,21.5445,23.1297,82.7022,26,400,22.6096,101.015,102.217
24,1682615241,3573.5,20230427 10:07:21,10:07:21,h2.galpar.2,40.13296256,1682615233,0.001485479,3.273276867,396.1210968,320.4871644,32.52888919,40.20560165,0.081560808,2.952955218,0.080329686,0.050315117,321.445337,30.87871878,30.06678387,4.276820248,59.88158005,2.462195842,4.111775006,1.814624406,-65.5096283,-108.8556342,-8.174293866,138.9057806,0,0,1,0,53164.67824,RECT-1505-20210918-17_20_47,10288.4,812.936,2752.91,1939.974,0.704699391,-1,MPF-908-20230427-10_17_13,10240.6,2.166548,2.50154,0.133914309,0.5,1681.199458,3.273276867,112.5683317,1,0.002541802,1099.486101,-,0,2.50154,0.133914309,0.999091311,-0.000413349,1.41775532,0,1,908,300,300,300,10240.6,1.15,-0.00683005,-0.24,1999.999355,1681.199458,0.8406,0.1912,6,0.5,0: Broadleaf,2,1682615233,396.1210968,399.9814839,24.25850323,22.80955484,405.0686452,24.81315806,600.2050645,101.3902258,0.108033129,29.38301613,30.06678387,999.9,0,0,9995.080645,0,235.9715484,1999.999355,0.979998387,0.020001313,0,2.195674194,0,2642.536774,16306.03871,46.187,47.625,46.812,45.808,45.45325806,1959.999355,40,0,35.39999986,0,2.166548,0.126399985,-65.21923087,2641.9264,15,1682615151,10:05:51,1682615151,1682615148,9,0.036,-0.004,-8.978,-0.613,400,22,0.99,0.1,-3.879592195,0.442072474,0.053261729,1,2.189102857,-0.191978865,0.158482281,1,1.467085854,-0.239271429,0.035548616,0,2,3,3-Feb,100,100,-8.947,-0.5528,-5.772957806,-0.007814304,-3.18E-07,6.48E-10,-0.682025564,-0.027428369,0.001386821,-3.01E-06,5,2011,2,27,1.5,1.6,2,626.187,404.067,25.9999,30.4577,29.9996,30.4464,30.4487,21.5512,22.2209,82.331,26,400,22.884,101.027,102.229
25,1682615543,3875.5,20230427 10:12:23,10:12:23,h2.hypgla.2,12.88595617,1682615535,0.006798236,7.00915465,390.4332903,359.8678065,36.52647269,39.62885999,0.54393749,2.955087053,0.493821164,0.312755282,321.4414758,28.99444695,28.04230645,3.804209047,61.38446447,2.449953151,3.991161562,1.354255896,-299.802197,131.5491927,9.747609511,162.936081,0,0,1,0,53317.21528,RECT-1505-20210918-17_20_47,10288.4,812.936,2752.91,1939.974,0.704699391,-1,MPF-909-20230427-10_22_15,10276.9,2.29074,2.8936,0.208342549,0.5,1681.176214,7.00915465,175.1302689,1,0.004764019,950.3789052,-,0,2.8936,0.208342549,0.998948894,-0.000744233,1.417553225,0,1,909,300,300,300,10276.9,1.74,-0.00685411,-0.71,1999.97129,1681.176214,0.840600174,0.191200347,6,0.5,0: Broadleaf,2,1682615535,390.4332903,400.0938065,24.13754194,17.5053871,399.4108065,24.65293548,600.179871,101.390129,0.109566226,28.86802581,28.04230645,999.9,0,0,10007.19161,0,109.4479032,1999.97129,0.979992484,0.020007316,0,2.29233871,0,17734.02581,16305.7871,46.32419355,47.61077419,46.98170968,46.125,45.562,1959.95871,40.01096774,0,301.2,0,2.29074,0.955876934,-4822.961546,17666.104,15,1682615515,10:11:54,1682615504,1682615515,10,-0.074,0.045,-9.052,-0.697,400,17,0.34,0.01,-9.649171707,-0.427094634,0.078426642,1,2.236379412,0.662151977,0.238461,1,6.445742927,2.943638467,0.364205054,0,2,3,3-Feb,100,100,-8.976,-0.5242,-5.846952086,-0.007814304,-3.18E-07,6.48E-10,-0.637069666,-0.027428369,0.001386821,-3.01E-06,5,2011,2,27,0.7,0.5,2,628.875,392.915,25.9995,30.6543,30.0002,30.5581,30.5421,21.4483,42.8146,76.1618,26,400,17.2197,100.958,102.17
26,1682615583,3915,20230427 10:13:02,10:13:02,h2.hypgla.2,14.8043903,1682615575,0.006641539,7.544574737,389.8384194,355.8104799,36.11548198,39.56938652,0.50961739,2.952997112,0.4653221,0.294484558,321.4430672,29.00392524,27.98999355,3.792626554,59.93973087,2.387997065,3.983996976,1.404629489,-292.8918492,134.8466451,9.994873363,173.3927364,0,0,1,0,53262.10949,RECT-1505-20210918-17_20_47,10288.4,812.936,2752.91,1939.974,0.704699391,-1,MPF-910-20230427-10_22_55,10275,2.196992,2.956,0.256768606,0.5,1681.184855,7.544574737,215.837746,1,0.005082472,930.2956698,-,0,2.956,0.256768606,0.998926227,-0.00093707,1.41752106,0,1,910,300,300,300,10275,1.93,-0.00685265,-0.78,1999.981613,1681.184855,0.840600156,0.191200311,6,0.5,0: Broadleaf,2,1682615575,389.8384194,399.9692903,23.52659677,17.04312258,398.8113226,24.06256129,600.1676452,101.3922903,0.109728355,28.83700968,27.98999355,999.9,0,0,9995.114839,0,111.192,1999.981613,0.979996355,0.0200034,0,2.229490323,0,15230.20645,16305.88387,46.35874194,47.5,46.937,46.062,45.526,1959.971613,40.01,0,38.5999999,0,2.196992,-0.82429232,-2623.030773,15196.636,15,1682615515,10:11:54,1682615504,1682615515,10,-0.074,0.045,-9.052,-0.697,400,17,0.34,0.01,-10.1044561,-0.407184669,0.062583786,1,2.207611429,-0.299502153,0.203090057,1,6.53307878,-0.999973171,0.098778947,0,2,3,3-Feb,100,100,-8.973,-0.5364,-5.846952086,-0.007814304,-3.18E-07,6.48E-10,-0.637069666,-0.027428369,0.001386821,-3.01E-06,5,2011,2,27,1.3,1.1,2,629.225,392.399,25.9988,30.6559,29.9998,30.5476,30.5342,21.452,42.8553,73.1068,26,400,17.1817,100.964,102.174
27,1682615620,3952,20230427 10:13:39,10:13:39,h2.hypgla.2,15.37275951,1682615612,0.006540762,7.619000387,389.8320645,354.7994909,36.01255776,39.56840441,0.495616963,2.954529644,0.453634523,0.286996595,321.4418876,29.01222872,28.00689355,3.79636498,59.73383885,2.377371489,3.979940909,1.418993491,-288.4476108,129.4243913,9.587964383,172.0066325,0,0,1,0,53309.66148,RECT-1505-20210918-17_20_47,10288.4,812.936,2752.91,1939.974,0.704699391,-1,MPF-911-20230427-10_23_32,10274.1,2.251232,2.8192,0.201464245,0.5,1681.181303,7.619000387,169.3489611,1,0.005126752,975.4862372,-,0,2.8192,0.201464245,0.99897592,-0.000701094,1.417591576,0,1,911,300,300,300,10274.1,1.97,-0.00685209,-0.86,1999.977742,1681.181303,0.840600007,0.191200013,6,0.5,0: Broadleaf,2,1682615612,389.8320645,399.9976452,23.4221129,17.03657097,398.8048387,23.96150645,600.1899677,101.3918065,0.109347548,28.81942903,28.00689355,999.9,0,0,10003.86097,0,111.6539355,1999.977742,0.979998677,0.020001023,0,2.258890323,0,13923.9871,16305.87419,46.37093548,47.437,46.937,46.042,45.508,1959.977742,40,0,36,0,2.251232,-0.318484616,-1507.09231,13904.884,15,1682615515,10:11:54,1682615504,1682615515,10,-0.074,0.045,-9.052,-0.697,400,17,0.34,0.01,-10.18139024,0.265072474,0.060964819,1,2.2822,-0.300502544,0.222077935,1,6.425164146,-0.729525575,0.07298279,0,2,3,3-Feb,100,100,-8.973,-0.5414,-5.846952086,-0.007814304,-3.18E-07,6.48E-10,-0.637069666,-0.027428369,0.001386821,-3.01E-06,5,2011,2,27,1.9,1.8,2,629.483,391.985,25.9976,30.6505,30.0001,30.5423,30.5289,21.4546,42.8331,70.8189,26,400,17.2773,100.964,102.174
28,1682616078,4410.6,20230427 10:21:18,10:21:18,c8.hypgla.2,23.7766743,1682616070,0.014485325,28.73639357,366.0057667,312.8993279,31.75883238,37.14905965,1.208596005,2.953952847,0.987571888,0.633698562,321.4480608,27.21525293,28.48536333,3.903549288,60.95771392,2.461487344,4.038024371,1.442061944,-638.8028172,93.05925531,6.920354735,-217.3751464,0,0,1,0,53248.76226,RECT-1505-20210918-17_20_47,10288.4,812.936,2752.91,1939.974,0.704699391,-1,MPF-912-20230427-10_31_10,10186.1,2.259656,3.1212,0.276029732,0.5,1681.21096,28.73639357,232.0321055,1,0.017687485,881.0037165,-,0,3.1212,0.276029732,0.998866218,-0.001063878,1.417435904,0,1,912,300,300,300,10186.1,1.64,-0.00679363,-0.65,2000.012667,1681.21096,0.840600156,0.191200312,6,0.5,0: Broadleaf,2,1682616070,366.0057667,400.0332333,24.25145,10.12183333,374.8858667,24.69108333,600.1876,101.3914333,0.107130433,29.06971,28.48536333,999.9,0,0,10000.62333,0,210.5743,2000.012667,0.9799939,0.0200061,0,2.26137,0,14575.78333,16306.14,46.812,48.8519,47.5558,46.7562,46.1019,1960.002,40.01066667,0,457.8,0,2.259656,-0.350299987,-260.8615382,14572.604,15,1682616039,10:20:39,1682616029,1682616039,12,0.106,0.007,-9.146,-0.692,400,12,0.1,0.01,-34.03444878,0.209379094,0.037811394,1,2.243239394,0.267618102,0.200020038,1,14.1571,-0.568678746,0.057346019,0,2,3,3-Feb,100,100,-8.88,-0.4443,-5.940022587,-0.007814304,-3.18E-07,6.48E-10,-0.562640585,-0.027428369,0.001386821,-3.01E-06,5,2011,2,27,0.8,0.7,2,632.976,378.34,26.0009,31.0992,30.0005,30.9823,30.9695,21.3571,60.0156,48.5966,26,400,9.96636,100.874,102.094
29,1682616117,4449.1,20230427 10:21:56,10:21:56,c8.hypgla.2,24.71125783,1682616109,0.014488928,28.79986712,365.8827097,311.044636,31.57157559,37.13773615,1.165455329,2.955033534,0.958558712,0.614606619,321.4440968,27.26785139,28.52518387,3.912587487,59.90203178,2.426262197,4.050383809,1.48632529,-638.9617442,95.16925278,7.077936142,-215.2704585,0,0,1,0,53270.84116,RECT-1505-20210918-17_20_47,10288.4,812.936,2752.91,1939.974,0.704699391,-1,MPF-913-20230427-10_31_49,10184.8,2.301064,3.70382,0.378732228,0.5,1681.190274,28.79986712,318.360469,1,0.017725458,742.2623616,-,0,3.70382,0.378732228,0.99865458,-0.001733441,1.41713558,0,1,913,300,300,300,10184.8,1.14,-0.00679273,0.77,1999.988065,1681.190274,0.840600154,0.191200307,6,0.5,0: Broadleaf,2,1682616109,365.8827097,399.9726452,23.90364839,9.765694839,374.7618065,24.35510645,600.1967742,101.3946129,0.107139355,29.12256129,28.52518387,999.9,0,0,10006.44516,0,207.9335161,1999.988065,0.979996387,0.020003613,0,2.286596774,0,14414.3,16305.93226,47,49.006,47.675,46.887,46.25,1959.978065,40.01,0,37.4000001,0,2.301064,0.182661549,-175.1384615,14412.752,15,1682616039,10:20:39,1682616029,1682616039,12,0.106,0.007,-9.146,-0.692,400,12,0.1,0.01,-34.10496585,0.261119164,0.036708148,1,2.297641176,-0.107156229,0.153270484,1,14.16935854,-0.657223693,0.067142818,0,2,3,3-Feb,100,100,-8.88,-0.4519,-5.940022587,-0.007814304,-3.18E-07,6.48E-10,-0.562640585,-0.027428369,0.001386821,-3.01E-06,5,2011,2,27,1.5,1.3,2,633.44,377.521,26.0025,31.1569,30.0008,31.0389,31.0344,21.3621,59.3178,44.1311,26,400,9.89065,100.864,102.084
30,1682616154,4486.6,20230427 10:22:34,10:22:34,c8.hypgla.2,25.24550387,1682616146,0.014329206,28.68963874,366.0086,310.2656939,31.49346186,37.15163523,1.136425674,2.954590767,0.93875718,0.601598983,321.4463976,27.37149689,28.59229667,3.927861608,59.70338757,2.426990615,4.065080248,1.500870992,-631.9179891,94.44604208,7.029733867,-208.9958155,0,0,1,0,53247.03067,RECT-1505-20210918-17_20_47,10288.4,812.936,2752.91,1939.974,0.704699391,-1,MPF-914-20230427-10_32_26,10183.9,2.198042308,2.516,0.126374282,0.5,1681.20504,28.68963874,106.2305395,1,0.017659737,1093.161367,-,0,2.516,0.126374282,0.999086058,-0.000392337,1.417747867,0,1,914,300,300,300,10183.9,1.36,-0.00679214,-0.39,2000.006,1681.20504,0.840599998,0.191199996,6,0.5,0: Broadleaf,2,1682616146,366.0086,399.9313667,23.91010333,9.928243667,374.8887,24.36135,600.2031333,101.3978,0.107015,29.18522333,28.59229667,999.9,0,0,10003.61667,0,218.1148,2000.006,0.9799986,0.0200014,0,2.197643333,0,14281.86333,16306.09667,47.17046667,49.17046667,47.8372,47.02066667,46.40806667,1960.006,40,0,36.5,0,2.198042308,0.483702569,-146.3623932,14281.06538,15,1682616039,10:20:39,1682616029,1682616039,12,0.106,0.007,-9.146,-0.692,400,12,0.1,0.01,-33.96111951,0.853774913,0.085911893,0,2.188591176,0.183185123,0.173050546,1,14.05042195,-1.398972125,0.139010783,0,1,3,3-Jan,100,100,-8.88,-0.4497,-5.940022587,-0.007814304,-3.18E-07,6.48E-10,-0.562640585,-0.027428369,0.001386821,-3.01E-06,5,2011,2,27,2.1,1.9,2,633.695,377.422,26.0008,31.2224,30.0008,31.1019,31.1002,21.3738,56.9485,39.8478,26,400,10.2083,100.848,102.069
31,1682616373,4705.6,20230427 10:26:13,10:26:13,c8.galpar.2,63.59783918,1682616365,0.000361603,1.169477263,398.6391667,285.7824524,29.00805627,40.46346192,0.018388632,2.954030606,0.018325275,0.011458971,321.4486935,31.54095178,30.65645,4.423757994,59.24498191,2.489034916,4.201258631,1.934723078,-15.94670706,-143.3006076,-10.8083882,151.3929907,0,0,1,0,53130.1973,RECT-1505-20210918-17_20_47,10288.4,812.936,2752.91,1939.974,0.704699391,-1,MPF-915-20230427-10_36_05,10244.2,2.110573077,2.35021,0.101964047,0.5,1681.213814,1.169477263,85.71168223,1,0.001290423,1170.34639,-,0,2.35021,0.101964047,0.999146282,-0.000295634,1.417833327,0,1,915,300,300,300,10244.2,1.27,-0.00683208,-0.4,2000.016,1681.213814,0.840600182,0.191200364,6,0.5,0: Broadleaf,2,1682616365,398.6391667,399.9508333,24.52155,24.16934,407.5620667,25.10156333,600.8965,101.3916333,0.112346467,29.75664667,30.65645,999.9,0,0,10001.045,0,265.1122667,2000.016,0.9799923,0.0200075,0,2.119573333,0,1375.666,16306.15333,47.4454,49.562,48.2458,47.62913333,46.7416,1959.997333,40.01233333,0,218,0,2.110573077,0.127586324,-52.22256415,1375.571154,15,1682616356,10:25:56,1682616348,1682616356,14,0.016,-0.009,-8.933,-0.596,400,24,0.62,0.4,-0.951768821,-6.378837246,0.690593671,0,2.115688571,-0.167057957,0.177567786,1,0.259893721,1.561777586,0.174098196,0,1,3,3-Jan,100,100,-8.921,-0.5757,-5.729051058,-0.007814304,-3.18E-07,6.48E-10,-0.717819681,-0.027428369,0.001386821,-3.01E-06,5,2011,2,27,0.4,0.3,2,626.727,389.482,26.0032,31.5939,30.0013,31.4704,31.4719,21.646,7.78577,47.2929,26,400,24.2693,100.794,102.011
32,1682616408,4740.6,20230427 10:26:48,10:26:48,c8.galpar.2,60.09442279,1682616400,0.000414717,1.280794498,398.5404839,291.2843941,29.56435378,40.45047417,0.021313034,2.954355091,0.021227983,0.013275103,321.4406837,31.60454382,30.72427097,4.440936894,59.85993386,2.526121472,4.220053898,1.914815422,-18.28902605,-141.7595447,-10.69867216,150.6934408,0,0,1,0,53125.88316,RECT-1505-20210918-17_20_47,10288.4,812.936,2752.91,1939.974,0.704699391,-1,MPF-916-20230427-10_36_40,10243.5,2.156742308,2.80312,0.23059223,0.5,1681.172139,1.280794498,193.8326164,1,0.001356669,981.0878164,-,0,2.80312,0.23059223,0.998981761,-0.000797866,1.417599865,0,1,916,300,300,300,10243.5,1.14,-0.00683191,-0.03,1999.966452,1681.172139,0.84060017,0.191200339,6,0.5,0: Broadleaf,2,1682616400,398.5404839,399.9861613,24.88874839,24.48446452,407.4625484,25.4557129,600.1654516,101.3877419,0.108783032,29.83424194,30.72427097,999.9,0,0,10003.27097,0,265.6138065,1999.966452,0.979993548,0.020006252,0,2.148732258,0,1351.985806,16305.74516,47.56606452,49.625,48.312,47.778,46.83232258,1959.955806,40.01064516,0,34.20000005,0,2.156742308,0.533063256,-26.79179482,1351.753846,15,1682616356,10:25:56,1682616348,1682616356,14,0.016,-0.009,-8.933,-0.596,400,24,0.62,0.4,-1.434316341,-0.00855554,0.055336422,1,2.172573529,-0.00184869,0.19627332,1,0.401123585,0.131153017,0.016522662,0,2,3,3-Feb,100,100,-8.923,-0.5654,-5.729051058,-0.007814304,-3.18E-07,6.48E-10,-0.717819681,-0.027428369,0.001386821,-3.01E-06,5,2011,2,27,1,0.9,2,628.492,389.114,26.0034,31.7137,30.0016,31.5719,31.5725,21.6553,8.89809,49.1631,26,400,24.3636,100.771,101.989
33,1682616440,4772.6,20230427 10:27:20,10:27:20,c8.galpar.2,55.01938139,1682616434,0.000423682,1.190592053,398.61232,299.3050129,30.37829563,40.45760136,0.021639503,2.955137803,0.021551855,0.013477754,321.4537902,31.68323849,30.81924,4.465089993,59.87570471,2.538648809,4.239864602,1.926441184,-18.68436881,-143.9489966,-10.87051483,147.9499099,0,0,1,0,53134.19879,RECT-1505-20210918-17_20_47,10288.4,812.936,2752.91,1939.974,0.704699391,-1,MPF-917-20230427-10_37_12,10242.8,2.199432,1.6208,-0.357003949,0.5,1681.241292,1.190592053,-300.10489,1,0.001302961,1697.488401,-,0,1.6208,-0.357003949,0.999411241,0.000713202,1.418209316,0,1,917,300,300,300,10242.8,0.99,-0.00683129,-0.38,2000.0488,1681.241292,0.840600135,0.191200271,6,0.5,0: Broadleaf,2,1682616434,398.61232,399.9714,25.012276,24.599312,407.53504,25.574764,600.1752,101.38648,0.10963372,29.915704,30.81924,999.9,0,0,10007.84,0,266.18336,2000.0488,0.97999572,0.020004056,0,2.20986,0,1334.7936,16306.432,47.75,49.71976,48.39732,47.93952,46.96976,1960.0388,40.01,0,31.4000001,0,2.199432,0.854123088,-32.79692309,1335.1296,15,1682616356,10:25:56,1682616348,1682616356,14,0.016,-0.009,-8.933,-0.596,400,24,0.62,0.4,-1.332006098,-0.371487178,0.054568096,1,2.186570588,0.490001302,0.184915339,1,0.416747049,-0.047991303,0.011347997,1,3,3,3-Mar,100,100,-8.923,-0.5613,-5.729051058,-0.007814304,-3.18E-07,6.48E-10,-0.717819681,-0.027428369,0.001386821,-3.01E-06,5,2011,2,27,1.5,1.4,2,629.691,388.364,26.0063,31.845,30.002,31.6786,31.6776,21.6612,9.18719,50.6836,26,400,24.5115,100.741,101.962
34,1682616967,5299.1,20230427 10:36:06,10:36:06,h6.hypgla.2,15.55104906,1682616959,0.009020729,10.60344677,385.8844,349.6590365,35.49213894,39.1691943,0.681847683,2.953210206,0.604971041,0.3842892,321.4444135,29.35889694,28.90677667,4.000128621,60.17869589,2.535311589,4.212971969,1.464817032,-397.8141696,143.015621,10.69933192,77.34519683,0,0,1,0,53098.06803,RECT-1505-20210918-17_20_47,10288.4,812.936,2752.91,1939.974,0.704699391,-1,MPF-918-20230427-10_45_59,10266.1,2.210712,2.5092,0.118957437,0.5,1681.19442,10.60344677,99.99528934,1,0.006901907,1096.126574,-,0,2.5092,0.118957437,0.999088528,-0.00036831,1.417751372,0,1,918,300,300,300,10266.1,1.05,-0.00684596,-1.21,1999.993333,1681.19442,0.840600012,0.191200024,6,0.5,0: Broadleaf,2,1682616959,385.8844,399.9640333,24.97721,16.18477333,394.6141333,25.45493,600.2033667,101.3955667,0.109428867,29.80504,28.90677667,999.9,0,0,9996.001,0,267.5354333,1999.993333,0.979999,0.02000095,0,2.198896667,0,16517.88,16305.99,48,49.812,48.812,47.812,47.1912,1959.992667,40.00066667,0,525.5,0,2.210712,1.08061538,-2795.615389,16494.436,15,1682616928,10:35:27,1682616928,1682616927,16,0.167,-0.004,-8.835,-0.666,399,19,0.85,0.04,-14.05506341,-0.603269686,0.070095095,0,2.223854286,0.02133229,0.167753193,1,8.867145854,-1.407183763,0.139931196,0,1,3,3-Jan,100,100,-8.729,-0.4801,-5.636259747,-0.007814304,-3.18E-07,6.48E-10,-0.628568995,-0.027428369,0.001386821,-3.01E-06,5,2011,2,27,0.7,0.7,2,633.63,381.909,26.0025,31.7045,30.0001,31.7011,31.7048,21.5131,43.177,54.5957,26,400,16.3746,100.783,102.003
35,1682617006,5338.1,20230427 10:36:45,10:36:45,h6.hypgla.2,16.91462553,1682616998,0.008803599,11.04667629,385.5076129,346.8993126,35.2115015,39.13037991,0.653084295,2.95542089,0.582243896,0.369624784,321.4459034,29.45641279,28.94416774,4.008797672,59.75476259,2.523436131,4.22298746,1.485361541,-388.2387081,143.7432361,10.74991758,87.70034891,0,0,1,0,53154.7373,RECT-1505-20210918-17_20_47,10288.4,812.936,2752.91,1939.974,0.704699391,-1,MPF-919-20230427-10_46_38,10265.3,2.261596154,2.3328,0.030522911,0.5,1681.202439,11.04667629,25.65759598,1,0.007165512,1179.088306,-,0,2.3328,0.030522911,0.999152606,-8.78E-05,1.417842301,0,1,919,300,300,300,10265.3,0.67,-0.00684531,-0.17,2000.002903,1681.202439,0.840599999,0.191199998,6,0.5,0: Broadleaf,2,1682616998,385.5076129,399.9431935,24.86057742,16.27878387,394.2343226,25.34249032,600.2057419,101.3947742,0.108746355,29.84632581,28.94416774,999.9,0,0,10008.62903,0,268.3665806,2000.002903,0.980001387,0.019999013,0,2.252287097,0,15009.62903,16306.08387,48.08841935,49.86280645,48.875,47.8363871,47.258,1960.002903,40,0,37.79999995,0,2.261596154,-0.553808541,-1731.815385,15002.61538,15,1682616928,10:35:27,1682616928,1682616927,16,0.167,-0.004,-8.835,-0.666,399,19,0.85,0.04,-14.42457805,-0.224034146,0.052367866,1,2.273347059,-0.126396194,0.191974446,1,8.635085122,-0.939193171,0.096534282,0,2,3,3-Feb,100,100,-8.726,-0.4816,-5.636259747,-0.007814304,-3.18E-07,6.48E-10,-0.628568995,-0.027428369,0.001386821,-3.01E-06,5,2011,2,27,1.3,1.3,2,634.036,381.893,26.0018,31.7045,29.9998,31.6845,31.6883,21.5273,41.2038,51.8589,26,400,16.5071,100.793,102.013
36,1682617045,5377.6,20230427 10:37:25,10:37:25,h6.hypgla.2,17.88267684,1682617037,0.00874642,11.46950385,385.1133,344.7898327,34.997363,39.09033469,0.641375112,2.954421018,0.572889461,0.363597785,321.447408,29.51867695,28.99908,4.021558672,59.55348674,2.521834323,4.234570402,1.499724349,-385.7171048,142.536426,10.66869818,88.93542743,0,0,1,0,53117.45598,RECT-1505-20210918-17_20_47,10288.4,812.936,2752.91,1939.974,0.704699391,-1,MPF-920-20230427-10_47_17,10265.1,2.249292,2.3916,0.059503261,0.5,1681.21036,11.46950385,50.01874977,1,0.00741698,1150.074594,-,0,2.3916,0.059503261,0.999131247,-0.000175571,1.417811991,0,1,920,300,300,300,10265.1,1.41,-0.00684507,-1.23,2000.012333,1681.21036,0.840599996,0.191199992,6,0.5,0: Broadleaf,2,1682617037,385.1133,399.9464,24.84481,16.31843333,393.8369,25.32728,600.1928,101.3943667,0.109099167,29.89396667,28.99908,999.9,0,0,10002.99167,0,268.7190667,2000.012333,0.9800022,0.0199982,0,2.250403333,0,14038.87,16306.16667,48.187,49.875,48.8998,47.875,47.3162,1960.012667,40,0,38.4000001,0,2.249292,0.572030764,-1096.761538,14033.292,15,1682616928,10:35:27,1682616928,1682616927,16,0.167,-0.004,-8.835,-0.666,399,19,0.85,0.04,-14.81397805,-0.474514286,0.065475251,1,2.255974286,0.116101761,0.205747698,1,8.563619024,-0.822130662,0.08137855,0,2,3,3-Feb,100,100,-8.723,-0.4824,-5.636259747,-0.007814304,-3.18E-07,6.48E-10,-0.628568995,-0.027428369,0.001386821,-3.01E-06,5,2011,2,27,2,2,2,633.543,381.887,26.0021,31.705,30.0001,31.6762,31.6828,21.5341,39.11,49.1385,26,400,16.6269,100.796,102.016
37,1682617288,5620.6,20230427 10:41:28,10:41:28,h6.galpar.2,56.95841967,1682617280,0.001540078,4.583782057,394.7313226,291.7718383,29.61322929,40.06304801,0.080475935,2.954065456,0.079277529,0.049654641,321.4436455,31.25038486,30.6532,4.422936232,59.90586707,2.51868818,4.204409856,1.904248052,-67.91743793,-140.7094324,-10.61333738,102.2034379,0,0,1,0,53128.81095,RECT-1505-20210918-17_20_47,10288.4,812.936,2752.91,1939.974,0.704699391,-1,MPF-921-20230427-10_51_20,10188.6,2.238352,2.09953,-0.066120513,0.5,1681.192955,4.583782057,-55.58067005,1,0.003321321,1310.202984,-,0,2.09953,-0.066120513,0.999237342,0.000171208,1.417962545,0,1,921,300,300,300,10188.6,1.19,-0.0067948,-0.14,1999.991935,1681.192955,0.840599867,0.191199734,6,0.5,0: Broadleaf,2,1682617280,394.7313226,399.9210323,24.8160129,23.31472903,403.5304839,25.37560645,600.23,101.3866129,0.107861226,29.76967742,30.6532,999.9,0,0,10001.73806,0,370.9986452,1999.991935,0.980004355,0.019995845,0,2.249145161,0,2033.586774,16306.0129,48.19919355,49.86280645,48.937,47.75,47.37093548,1960.000968,39.99096774,0,242.4000001,0,2.238352,-0.036615382,-29.89615384,2033.5816,15,1682617267,10:41:06,1682617267,1682617264,17,0,-0.079,-8.84,-0.626,400,23,0.35,0.11,-4.45016032,-10.94344712,1.535637383,0,2.251938235,-0.27806996,0.122590471,1,1.304807823,3.817103139,0.447630828,0,1,3,3-Jan,100,100,-8.8,-0.5574,-5.636570359,-0.007814304,-3.18E-07,6.48E-10,-0.70749877,-0.027428369,0.001386821,-3.01E-06,5,2011,2,27,0.4,0.4,2,627.022,389.846,26.0003,31.7072,30.0001,31.6762,31.6818,21.6975,18.0865,52.9522,26,400,23.0946,100.775,101.996
38,1682617324,5656.1,20230427 10:42:03,10:42:03,h6.galpar.2,54.18136828,1682617316,0.001587477,4.441150844,394.8681613,296.1860677,30.06109062,40.07672499,0.08196823,2.952322119,0.080724616,0.050563047,321.4455991,31.35500849,30.78152903,4.455485449,59.73278093,2.528240862,4.232585228,1.927244587,-70.00775269,-142.5676997,-10.77286984,98.09727685,0,0,1,0,53058.03101,RECT-1505-20210918-17_20_47,10288.4,812.936,2752.91,1939.974,0.704699391,-1,MPF-922-20230427-10_51_56,10187.9,2.218504,1.9568,-0.133740801,0.5,1681.203494,4.441150844,-112.4227512,1,0.003236462,1405.842805,-,0,1.9568,-0.133740801,0.999289189,0.000322701,1.418036118,0,1,922,300,300,300,10187.9,1.33,-0.00679441,0.48,2000.004516,1681.203494,0.840599849,0.191199697,6,0.5,0: Broadleaf,2,1682617316,394.8681613,399.9345806,24.91026452,23.3628129,403.6682581,25.46649355,600.1866129,101.3857097,0.108229097,29.88580968,30.78152903,999.9,0,0,9991.933871,0,371.511871,2000.004516,0.980006194,0.019994,0,2.196816129,0,2010.914516,16306.12903,48.312,49.933,48.99187097,47.812,47.44106452,1960.014516,39.99,0,34.79999995,0,2.218504,-0.440623085,-31.08230769,2010.3764,15,1682617267,10:41:06,1682617267,1682617264,17,0,-0.079,-8.84,-0.626,400,23,0.35,0.11,-5.084022195,0.233514146,0.044911272,1,2.185832353,0.147357566,0.147318528,1,1.58159878,-0.502393589,0.062343025,0,2,3,3-Feb,100,100,-8.801,-0.5536,-5.636570359,-0.007814304,-3.18E-07,6.48E-10,-0.70749877,-0.027428369,0.001386821,-3.01E-06,5,2011,2,27,0.9,1,2,627.834,390.575,25.9989,31.7101,29.9999,31.6692,31.6739,21.7034,16.9286,52.9522,26,400,23.4621,100.776,101.997
39,1682617364,5696.1,20230427 10:42:43,10:42:43,h6.galpar.2,54.70090457,1682617356,0.001554872,4.373302024,394.9978387,295.4694769,29.98875198,40.09040914,0.079949355,2.953038275,0.078766052,0.049333639,321.4500864,31.46712893,30.89649032,4.484821082,59.90404255,2.550707551,4.257989015,1.93411353,-68.56986397,-144.3263103,-10.91492882,97.63898335,0,0,1,0,53060.51456,RECT-1505-20210918-17_20_47,10288.4,812.936,2752.91,1939.974,0.704699391,-1,MPF-923-20230427-10_52_36,10187.4,2.209528,1.72541,-0.280581427,0.5,1681.226342,4.373302024,-235.8604431,1,0.003196061,1594.510632,-,0,1.72541,-0.280581427,0.999373241,0.000596785,1.418155393,0,1,923,300,300,300,10187.4,0.92,-0.00679401,0.05,2000.031613,1681.226342,0.840599884,0.191199768,6,0.5,0: Broadleaf,2,1682617356,394.9978387,399.9838065,25.13129677,23.61595806,403.799129,25.67950968,600.1811613,101.3870323,0.108229774,29.98994194,30.89649032,999.9,0,0,9995.866774,0,372.2566774,2000.031613,0.980005613,0.019994523,0,2.223725806,0,2001.349032,16306.34516,48.375,50.056,49.012,47.895,47.552,1960.039032,39.99290323,0,39.20000005,0,2.209528,-0.744030759,-9.936153774,2001.2892,15,1682617267,10:41:06,1682617267,1682617264,17,0,-0.079,-8.84,-0.626,400,23,0.35,0.11,-4.989827805,0.115516307,0.050202058,1,2.23080303,-0.172989281,0.158935606,1,1.507785854,0.14067115,0.014298963,0,2,3,3-Feb,100,100,-8.8,-0.5476,-5.636570359,-0.007814304,-3.18E-07,6.48E-10,-0.70749877,-0.027428369,0.001386821,-3.01E-06,5,2011,2,27,1.6,1.7,2,627.949,390.937,26.0021,31.6884,29.9998,31.6458,31.6498,21.7113,16.3302,52.9522,26,400,23.6639,100.79,102.01
40,1682617691,6023.5,20230427 10:48:11,10:48:11,i5.hypgla.2,37.68174901,1682617683,0.007653719,17.34220664,379.8475161,305.3271277,30.98880038,38.55215532,0.460228283,2.954703271,0.423793187,0.267903509,321.4545878,30.57266968,30.78900645,4.457388428,60.7492302,2.688939196,4.426293448,1.768449233,-337.5289879,-19.51864895,-1.47945065,-37.07249963,0,0,1,0,52990.21417,RECT-1505-20210918-17_20_47,10288.4,812.936,2752.91,1939.974,0.704699391,-1,MPF-924-20230427-10_58_03,10270.9,2.21448,2.4252,0.086887679,0.5,1681.245058,17.34220664,73.03974079,1,0.010909895,1134.127,-,0,2.4252,0.086887679,0.999119041,-0.000259984,1.417794671,0,1,924,300,300,300,10270.9,1.26,-0.00685015,-0.56,2000.053226,1681.245058,0.840600158,0.191200317,6,0.5,0: Broadleaf,2,1682617683,379.8475161,400.0900645,26.49363871,19.04523548,388.3968387,26.93440323,600.2046452,101.3824839,0.111283194,30.66647419,30.78900645,999.9,0,0,10005.76677,0,284.5323871,2000.053226,0.979994968,0.020004616,0,2.213116129,0,9318.260645,16306.46129,48.764,51.03,49.526,48.73374194,48.01,1960.040968,40.0116129,0,326.8,0,2.21448,-0.448415389,-177.697692,9315.5888,15,1682617663,10:47:42,1682617646,1682617663,18,0.132,0.058,-8.708,-0.688,400,18,0.07,0.02,-20.277505,0.697688555,0.118474126,0,2.242606061,-0.421602907,0.195400228,1,7.233333,3.715711745,0.410387103,0,1,3,3-Jan,100,100,-8.55,-0.4476,-5.504280221,-0.007814304,-3.18E-07,6.48E-10,-0.649369698,-0.027428369,0.001386821,-3.01E-06,5,2011,2,27,0.8,0.5,2,632.167,382.137,26.0052,31.802,30.0009,31.7029,31.7082,21.5739,37.7117,53.3736,26,400,18.7541,100.792,102
41,1682617726,6058.5,20230427 10:48:46,10:48:46,i5.hypgla.2,38.80578004,1682617718,0.007727304,17.42620856,379.6339,303.0055068,30.75260701,38.52976884,0.44906219,2.953639976,0.414290647,0.26183101,321.4445121,30.63097771,30.88559667,4.482034059,59.73110083,2.655583135,4.445896858,1.826450924,-340.7740966,-22.57763217,-1.713398694,-43.62061539,0,0,1,0,52946.02931,RECT-1505-20210918-17_20_47,10288.4,812.936,2752.91,1939.974,0.704699391,-1,MPF-925-20230427-10_58_38,10269.7,2.221088,2.66534,0.166677422,0.5,1681.19246,17.42620856,140.1084126,1,0.010960202,1031.855095,-,0,2.66534,0.166677422,0.99903181,-0.000548276,1.417670886,0,1,925,300,300,300,10269.7,0.94,-0.00684932,-0.67,1999.990667,1681.19246,0.840600153,0.191200306,6,0.5,0: Broadleaf,2,1682617718,379.6339,399.9866333,26.16546667,18.64294667,388.1815667,26.61897667,600.207,101.3806333,0.111274633,30.74381,30.88559667,999.9,0,0,9999.912667,0,290.5837667,1999.990667,0.9799942,0.0200053,0,2.21634,0,9211.911667,16305.93667,48.93286667,51.15186667,49.62913333,48.8561,48.14773333,1959.980667,40.01,0,33.79999995,0,2.221088,0.01912308,-118.1807694,9211.3636,15,1682617663,10:47:42,1682617646,1682617663,18,0.132,0.058,-8.708,-0.688,400,18,0.07,0.02,-20.3652075,0.280508443,0.049357509,1,2.2289,0.181209315,0.179507554,1,7.56522825,-0.954282664,0.09501656,0,2,3,3-Feb,100,100,-8.548,-0.4541,-5.504280221,-0.007814304,-3.18E-07,6.48E-10,-0.649369698,-0.027428369,0.001386821,-3.01E-06,5,2011,2,27,1.3,1.1,2,633.301,381.6,26.0037,31.8839,30.001,31.7587,31.7671,21.5789,36.2105,51.4348,26,400,18.9106,100.775,101.986
42,1682617760,6092.5,20230427 10:49:20,10:49:20,i5.hypgla.2,39.57730443,1682617753,0.007614768,17.37408353,379.6961379,301.7942498,30.62894047,38.53516233,0.438991078,2.951822502,0.405680929,0.256332414,321.4477628,30.72572586,30.97069655,4.503846131,59.74374098,2.66614605,4.462636598,1.837700081,-335.8112558,-25.6344935,-1.948029964,-41.94601642,0,0,1,0,52882.14614,RECT-1505-20210918-17_20_47,10288.4,812.936,2752.91,1939.974,0.704699391,-1,MPF-926-20230427-10_59_12,10268.9,2.203704,1.9304,-0.141578947,0.5,1681.209569,17.37408353,-119.0119405,1,0.010929086,1425.082677,-,0,1.9304,-0.141578947,0.999298778,0.000336994,1.418049726,0,1,926,300,300,300,10268.9,1.67,-0.00684859,-1.07,2000.011034,1681.209569,0.840600147,0.191200293,6,0.5,0: Broadleaf,2,1682617753,379.6961379,399.9546897,26.27017241,18.85794483,388.2444138,26.71964138,600.2022759,101.3783448,0.111131828,30.80961379,30.97069655,999.9,0,0,9989.825517,0,306.4644828,2000.011034,0.979995966,0.020003534,0,2.205958621,0,9155.708276,16306.12414,49.062,51.27351724,49.75641379,48.97827586,48.28206897,1960.001034,40.01,0,32.69999981,0,2.203704,-0.431015391,-19.40153844,9155.5748,15,1682617663,10:47:42,1682617646,1682617663,18,0.132,0.058,-8.708,-0.688,400,18,0.07,0.02,-20.293155,0.538216886,0.06597329,0,2.224191176,-0.647027019,0.183853481,1,7.464373,-1.03302394,0.100195265,0,1,3,3-Jan,100,100,-8.548,-0.449,-5.504280221,-0.007814304,-3.18E-07,6.48E-10,-0.649369698,-0.027428369,0.001386821,-3.01E-06,5,2011,2,27,1.9,1.6,2,633.136,381.462,26.0031,31.968,30.0008,31.8178,31.8229,21.5948,34.4316,49.9036,26,400,19.1357,100.762,101.976
43,1682617920,6252,20230427 10:51:59,10:51:59,i5.galpar.2,35.08216277,1682617912,0.000614463,1.078543187,398.6812581,330.5543836,33.55045248,40.46516177,0.030743349,2.955488479,0.030566787,0.01912002,321.4431882,32.48634215,31.47210968,4.634251121,59.90786797,2.667306554,4.452347653,1.966944568,-27.09780403,-112.0000516,-8.51997807,173.8253545,0,0,1,0,52994.89982,RECT-1505-20210918-17_20_47,10288.4,812.936,2752.91,1939.974,0.704699391,-1,MPF-927-20230427-11_01_52,10211,2.14582,1.7712,-0.211506323,0.5,1681.185406,1.078543187,-177.7906721,1,0.001236356,1553.262647,-,0,1.7712,-0.211506323,0.999356608,0.00046183,1.418131789,0,1,927,300,300,300,10211,1.03,-0.00680916,-0.52,1999.982258,1681.185406,0.84060016,0.19120032,6,0.5,0: Broadleaf,2,1682617912,398.6812581,400.0026452,26.27952258,25.68217097,407.5609677,26.8453129,600.9675484,101.3808387,0.116688323,30.76919355,31.47210968,999.9,0,0,10010.38871,0,327.7246452,1999.982258,0.979994323,0.020005477,0,2.128709677,0,992.1710323,16305.87742,49.435,51.625,50.19106452,49.5,48.625,1959.971935,40.01032258,0,158.4000001,0,2.14582,0.450823079,-21.22715385,991.88164,15,1682617903,10:51:43,1682617901,1682617903,19,-0.182,-0.125,-8.889,-0.593,400,26,0.62,0.21,-1.001338739,-7.325008617,0.769642249,0,2.136957143,-0.074412184,0.19284566,1,0.49110321,2.823721709,0.290765367,0,1,3,3-Jan,100,100,-8.877,-0.5662,-5.685844244,-0.007814304,-3.18E-07,6.48E-10,-0.774871651,-0.027428369,0.001386821,-3.01E-06,5,2011,2,27,0.3,0.3,2,627.844,383.47,26.0008,32.5158,30.0023,32.3006,32.2987,21.7551,12.7711,50.3725,26,400,25.5086,100.651,101.876
44,1682617957,6289.5,20230427 10:52:37,10:52:37,i5.galpar.2,36.08383084,1682617949,0.000740567,1.34366833,398.3615,328.6451101,33.35633678,40.43230813,0.037237408,2.953279008,0.036978521,0.023134686,321.4475977,32.44204177,31.47193667,4.634205565,60.11942896,2.674728463,4.449025064,1.959477102,-32.65898929,-113.9697788,-8.675737545,166.143092,0,0,1,0,52933.59328,RECT-1505-20210918-17_20_47,10288.4,812.936,2752.91,1939.974,0.704699391,-1,MPF-928-20230427-11_02_29,10210,2.146926923,1.5312,-0.402120509,0.5,1681.2087,1.34366833,-338.0242489,1,0.001394038,1796.877482,-,0,1.5312,-0.402120509,0.999443789,0.000758841,1.418255502,0,1,928,300,300,300,10210,1.17,-0.00680847,-0.42,2000.01,1681.2087,0.840600147,0.191200294,6,0.5,0: Broadleaf,2,1682617949,398.3615,399.9997333,26.35290667,25.63205333,407.2387333,26.91977667,600.1641667,101.386,0.110525467,30.75612333,31.47193667,999.9,0,0,9997.334667,0,326.956,2000.01,0.9799961,0.020003663,0,2.15317,0,983.1124667,16306.10667,49.562,51.6746,50.27686667,49.5893,48.75,1960,40.01,0,36.60000014,0,2.146926923,0.514184617,-2.34396583,983.1448846,15,1682617903,10:51:43,1682617901,1682617903,19,-0.182,-0.125,-8.889,-0.593,400,26,0.62,0.21,-1.62993625,-0.263029981,0.055815803,1,2.134111429,0.257868493,0.176240858,1,0.732329075,-0.092068064,0.025583599,1,3,3,3-Mar,100,100,-8.878,-0.5666,-5.685844244,-0.007814304,-3.18E-07,6.48E-10,-0.774871651,-0.027428369,0.001386821,-3.01E-06,5,2011,2,27,0.9,0.9,2,630.464,381.953,25.9996,32.7085,30.0022,32.4631,32.4576,21.7539,13.9365,50.7516,26,400,25.5032,100.607,101.838
45,1682617995,6327.5,20230427 10:53:15,10:53:15,i5.galpar.2,31.45551323,1682617987,0.000771192,1.218393106,398.4781667,336.0627747,34.11043259,40.4456062,0.038733849,2.95345964,0.038453838,0.024058638,321.4465253,32.43411873,31.48016333,4.636372223,60.10485969,2.674089946,4.449041158,1.962282277,-34.00958627,-115.276572,-8.77503713,163.38533,0,0,1,0,52938.85817,RECT-1505-20210918-17_20_47,10288.4,812.936,2752.91,1939.974,0.704699391,-1,MPF-929-20230427-11_03_07,10209.6,2.2258,2.092,-0.063957935,0.5,1681.205611,1.218393106,-53.7632196,1,0.001319525,1314.922562,-,0,2.092,-0.063957935,0.999240077,0.000165013,1.417966426,0,1,929,300,300,300,10209.6,1.3,-0.0068078,-0.06,2000.006667,1681.205611,0.840600004,0.191200007,6,0.5,0: Broadleaf,2,1682617987,398.4781667,400.0034333,26.34566667,25.59500333,407.3562,26.91280333,600.1690667,101.3892667,0.110914733,30.75618667,31.48016333,999.9,0,0,9998.037667,0,327.5962667,2000.006667,0.9799976,0.020002113,0,2.22746,0,982.1422,16306.09667,49.687,51.7248,50.375,49.687,48.8624,1960.004,40.00033333,0,37.20000005,0,2.2258,-0.738482051,2.48382903,982.1003077,15,1682617903,10:51:43,1682617901,1682617903,19,-0.182,-0.125,-8.889,-0.593,400,26,0.62,0.21,-1.5352185,0.117718874,0.034461013,1,2.216288235,-0.056596788,0.187060962,1,0.747712325,0.096568762,0.014060876,1,3,3,3-Mar,100,100,-8.878,-0.5677,-5.685844244,-0.007814304,-3.18E-07,6.48E-10,-0.774871651,-0.027428369,0.001386821,-3.01E-06,5,2011,2,27,1.6,1.5,2,631.192,380.394,26.0012,32.9054,30.0023,32.6359,32.6262,21.7493,15.0599,50.7516,26,400,25.4963,100.566,101.796
46,1682618456,6788,20230427 11:00:55,11:00:55,d1.galpar.2,36.6242103,1682618448,0.001370824,2.728104668,396.7429677,326.6638501,33.152503,40.26470154,0.074489106,2.953240498,0.073460863,0.04600424,321.447907,32.46693399,31.05604194,4.52581393,60.02856965,2.699396973,4.496853729,1.826416957,-60.45336019,-17.92556607,-1.363028569,241.7059522,0,0,1,0,52899.61108,RECT-1505-20210918-17_20_47,10288.4,812.936,2752.91,1939.974,0.704699391,-1,MPF-930-20230427-11_10_48,10200.1,2.19262,1.34018,-0.636063812,0.5,1681.210326,2.728104668,-534.6785246,1,0.002217512,2053.134519,-,0,1.34018,-0.636063812,0.999513177,0.001050326,1.418353968,0,1,930,300,300,300,10200.1,1.18,-0.00680162,-0.48,2000.011935,1681.210326,0.840600147,0.191200293,6,0.5,0: Broadleaf,2,1682618448,396.7429677,400.0106774,26.59815484,25.26552903,405.5890323,27.19068387,600.7821935,101.3743548,0.11377429,30.94345484,31.05604194,999.9,0,0,9998.264516,0,355.6494194,2000.011935,0.979995645,0.020003855,0,2.197748387,0,2078.004839,16306.12903,49.0803871,51.21945161,49.90706452,49.08032258,48.41912903,1960.001613,40.01,0,459.8,0,2.19262,-1.138715384,-102.9230771,2076.1116,15,1682618438,11:00:38,1682618438,1682618438,20,0.018,-0.037,-8.872,-0.647,400,25,0.51,0.09,-2.542711288,-14.30885873,1.576635633,0,2.180594118,-0.057696105,0.178864944,1,1.041885198,5.977866188,0.636981092,0,1,3,3-Jan,100,100,-8.843,-0.5852,-5.667678913,-0.007814304,-3.18E-07,6.48E-10,-0.811830223,-0.027428369,0.001386821,-3.01E-06,5,2011,2,27,0.3,0.3,2,617.728,376.255,25.9989,33.709,30.001,33.5454,33.5414,21.655,24.6364,50.4234,26,400,25.048,100.398,101.643
47,1682618495,6827,20230427 11:01:34,11:01:34,d1.galpar.2,33.93787197,1682618487,0.001632641,3.021096037,396.3064333,330.4127081,33.53278983,40.22018528,0.089018429,2.953265551,0.087554205,0.054850927,321.4464116,32.39849954,31.02877333,4.518784901,59.90246921,2.693569979,4.496592568,1.825214923,-71.9994827,-13.74621778,-1.045083503,234.6556276,0,0,1,0,52900.55347,RECT-1505-20210918-17_20_47,10288.4,812.936,2752.91,1939.974,0.704699391,-1,MPF-931-20230427-11_11_27,10200.8,2.143457692,2.25856,0.050962696,0.5,1681.20228,3.021096037,42.83930073,1,0.002391798,1217.8784,-,0,2.25856,0.050962696,0.999179574,-0.000141983,1.41788057,0,1,931,300,300,300,10200.8,1.12,-0.00680216,0.09,2000.002333,1681.20228,0.840600159,0.191200319,6,0.5,0: Broadleaf,2,1682618487,396.3064333,399.9733333,26.54088,24.9521,405.1491667,27.13584333,600.2,101.3764,0.111191167,30.94243667,31.02877333,999.9,0,0,9998.205,0,356.1673667,2000.002333,0.9799946,0.0200049,0,2.133913333,0,2030.589,16306.05,48.8749,50.9685,49.61443333,48.8936,48.2059,1959.991667,40.01066667,0,38.20000005,0,2.143457692,-0.384365816,-50.14803415,2030.436538,15,1682618438,11:00:38,1682618438,1682618438,20,0.018,-0.037,-8.872,-0.647,400,25,0.51,0.09,-3.685893,0.250183114,0.047766371,1,2.203394118,-0.974928994,0.223318521,1,1.6067065,-0.55178409,0.056368699,0,2,3,3-Feb,100,100,-8.843,-0.5944,-5.667678913,-0.007814304,-3.18E-07,6.48E-10,-0.811830223,-0.027428369,0.001386821,-3.01E-06,5,2011,2,27,0.9,0.9,2,619.789,375.658,26.0017,33.7893,30.0012,33.6233,33.6219,21.6474,24.3601,49.6732,26,400,25.0477,100.384,101.626
48,1682618535,6867,20230427 11:02:14,11:02:14,d1.galpar.2,34.82636416,1682618527,0.001604965,3.056356829,396.288129,329.0174813,33.39164107,40.21886895,0.08775986,2.95253008,0.086336041,0.054086026,321.4491158,32.36729414,31.00232903,4.511977436,60.00633256,2.69228596,4.486669732,1.819691476,-70.77896976,-15.69740001,-1.193339473,233.7794065,0,0,1,0,52886.13688,RECT-1505-20210918-17_20_47,10288.4,812.936,2752.91,1939.974,0.704699391,-1,MPF-932-20230427-11_12_07,10202.9,2.215544,3.03548,0.270117411,0.5,1681.22071,3.056356829,227.0634932,1,0.002412745,905.9109334,-,0,3.03548,0.270117411,0.998897356,-0.001012391,1.41748009,0,1,932,300,300,300,10202.9,1.12,-0.00680369,-0.15,2000.024839,1681.22071,0.840599916,0.191199831,6,0.5,0: Broadleaf,2,1682618527,396.288129,399.9792903,26.52787097,24.966,405.1308065,27.12336774,600.199,101.3777097,0.111247484,30.9037129,31.00232903,999.9,0,0,9993.902258,0,356.5839355,2000.024839,0.980003516,0.019996074,0,2.224093548,0,2004.614839,16306.28065,48.68929032,50.76393548,49.38887097,48.768,48.038,1960.02871,39.99483871,0,39.10000014,0,2.215544,-0.084423069,-0.476923258,2003.6544,15,1682618438,11:00:38,1682618438,1682618438,20,0.018,-0.037,-8.872,-0.647,400,25,0.51,0.09,-3.68190275,-0.110131295,0.038702876,1,2.207255882,0.194208791,0.178574455,1,1.56882825,-0.411566116,0.048238893,0,2,3,3-Feb,100,100,-8.843,-0.5952,-5.667678913,-0.007814304,-3.18E-07,6.48E-10,-0.811830223,-0.027428369,0.001386821,-3.01E-06,5,2011,2,27,1.6,1.6,2,620.895,374.618,25.9984,33.8823,30.0011,33.7105,33.7073,21.6494,23.7699,48.5452,26,400,25.1108,100.362,101.609
49,1682618744,7076.5,20230427 11:05:44,11:05:44,d1.hypgla.2,14.67170406,1682618736,0.010406085,11.91704588,384.156,349.1505424,35.43581087,38.98856712,0.812246882,2.95415214,0.705634559,0.449429089,321.4432064,29.66324129,29.47576452,4.133831537,61.41623171,2.687420168,4.375749037,1.446411369,-458.9083381,157.6597913,11.86321675,32.05787625,0,0,1,0,53009.25992,RECT-1505-20210918-17_20_47,10288.4,812.936,2752.91,1939.974,0.704699391,-1,MPF-933-20230427-11_15_36,10242.9,2.222057692,2.33,0.046327171,0.5,1681.185416,11.91704588,38.94228186,1,0.007683296,1180.506438,-,0,2.33,0.046327171,0.999153623,-0.000133162,1.417843744,0,1,933,300,300,300,10242.9,1.55,-0.00683043,-0.69,1999.982258,1681.185416,0.840600165,0.19120033,6,0.5,0: Broadleaf,2,1682618736,384.156,400.0653548,26.47926452,16.35206774,392.9416774,26.91735806,600.1980323,101.3773226,0.114173387,30.46569032,29.47576452,999.9,0,0,10003.14677,0,279.2634839,1999.982258,0.979992677,0.020007123,0,2.214032258,0,14168.62258,16305.86452,47.43106452,49.30619355,48.11077419,47.63077419,46.85664516,1959.971613,40.01064516,0,208.4000001,0,2.222057692,0.309781188,-1671.982907,14161.91923,15,1682618714,11:05:13,1682618694,1682618714,21,-0.038,0.166,-8.909,-0.722,400,17,0.18,0.02,-15.9340725,0.010123452,0.092773571,1,2.244761765,0.095699812,0.169279702,1,9.9857375,2.168101689,0.294229704,0,2,3,3-Feb,100,100,-8.784,-0.4495,-5.705288508,-0.007814304,-3.18E-07,6.48E-10,-0.646033082,-0.027428369,0.001386821,-3.01E-06,5,2011,2,27,0.8,0.5,2,636.165,363.483,25.9995,34.1611,30.0004,34.0101,33.9916,21.5008,47.1888,39.0193,26,400,16.1728,100.3,101.552
50,1682618783,7115,20230427 11:06:22,11:06:22,d1.hypgla.2,16.28899862,1682618776,0.010318366,12.53157388,383.4547692,345.4093918,35.05582585,38.91707618,0.769327457,2.952127993,0.672915183,0.428223305,321.4488504,29.67871886,29.43688077,4.124572053,59.89917833,2.620042186,4.374087023,1.504529867,-455.0399194,162.6840832,12.24690795,41.3399222,0,0,1,0,52952.00944,RECT-1505-20210918-17_20_47,10288.4,812.936,2752.91,1939.974,0.704699391,-1,MPF-934-20230427-11_16_15,10242.7,2.243469231,3.34614,0.329535157,0.5,1681.214885,12.53157388,277.0097052,1,0.008048688,821.71214,-,0,3.34614,0.329535157,0.998784508,-0.001362012,1.417319954,0,1,934,300,300,300,10242.7,1.02,-0.00683056,0.12,2000.017308,1681.214885,0.840600168,0.191200336,6,0.5,0: Broadleaf,2,1682618776,383.4547692,399.9376538,25.8156,15.76685,392.235,26.27924231,600.1935,101.3765769,0.114079346,30.45905385,29.43688077,999.9,0,0,9991.732692,0,276.1336538,2000.017308,0.979993385,0.020006415,0,2.251265385,0,13344.27692,16306.16538,47.30253846,49.07169231,47.90838462,47.40361538,46.69669231,1960.005769,40.01153846,0,37.79999995,0,2.243469231,1.320540159,-843.3504274,13353.20769,15,1682618714,11:05:13,1682618694,1682618714,21,-0.038,0.166,-8.909,-0.722,400,17,0.18,0.02,-16.4807425,-0.372858912,0.069322027,1,2.265487879,0.09513268,0.220368011,1,10.11072275,-1.009047017,0.097611604,0,2,3,3-Feb,100,100,-8.78,-0.4644,-5.705288508,-0.007814304,-3.18E-07,6.48E-10,-0.646033082,-0.027428369,0.001386821,-3.01E-06,5,2011,2,27,1.5,1.1,2,636.739,363.398,26.0015,34.1878,30.0003,34.0342,34.0208,21.5097,45.1051,35.4545,26,400,16.0411,100.295,101.547
51,1682618820,7152,20230427 11:06:59,11:06:59,d1.hypgla.2,17.20677582,1682618814,0.010158367,12.91616679,383.1654,343.5249663,34.86400371,38.8870715,0.750644219,2.953261177,0.65858989,0.418944971,321.4453397,29.70825246,29.44864,4.127370399,59.80073662,2.613952087,4.371103492,1.513418312,-447.9839636,158.9765962,11.96320405,44.40117637,0,0,1,0,52986.73262,RECT-1505-20210918-17_20_47,10288.4,812.936,2752.91,1939.974,0.704699391,-1,MPF-935-20230427-11_16_52,10242.9,2.238696,1.9496,-0.148284776,0.5,1681.19655,12.91616679,-124.6479272,1,0.008277537,1411.038367,-,0,1.9496,-0.148284776,0.999291804,0.000356475,1.418039829,0,1,935,300,300,300,10242.9,1.26,-0.00683057,-0.8,1999.9955,1681.19655,0.840600166,0.191200333,6,0.5,0: Broadleaf,2,1682618814,383.1654,399.96825,25.756015,15.862615,391.94325,26.221895,600.2018,101.37445,0.11454535,30.447135,29.44864,999.9,0,0,9998.3725,0,277.35585,1999.9955,0.97999245,0.02000735,0,2.302115,0,12910.03,16305.97,47.1374,48.8686,47.7437,47.2122,46.562,1959.9845,40.011,0,36.4000001,0,2.238696,0.808192306,-473.7769231,12923.892,15,1682618714,11:05:13,1682618694,1682618714,21,-0.038,0.166,-8.909,-0.722,400,17,0.18,0.02,-16.7787075,-0.141979362,0.059104299,1,2.220176471,0.755579767,0.194011175,1,9.985103,-1.069593771,0.105862812,0,2,3,3-Feb,100,100,-8.778,-0.4659,-5.705288508,-0.007814304,-3.18E-07,6.48E-10,-0.646033082,-0.027428369,0.001386821,-3.01E-06,5,2011,2,27,2.1,1.8,2,636.613,363.037,26.0016,34.1885,29.9997,34.0349,34.0193,21.5273,42.9899,32.311,26,400,16.1021,100.3,101.556
52,1682619140,7472,20230427 11:12:19,11:12:19,i6.hypgla.2,35.55078999,1682619132,0.007752176,19.60692853,377.5381613,307.2578919,31.18107538,38.31324165,0.551518786,2.953519931,0.500041781,0.31674976,321.4457518,30.04991352,29.52560323,4.145726248,61.01611176,2.624931446,4.302030022,1.520794802,-341.8709829,102.4789942,7.703324421,89.7570875,0,0,1,0,53042.66924,RECT-1505-20210918-17_20_47,10288.4,812.936,2752.91,1939.974,0.704699391,-1,MPF-936-20230427-11_22_12,10216.2,2.2937,3.05939,0.250275382,0.5,1681.201384,19.60692853,210.381659,1,0.012257264,898.8231674,-,0,3.05939,0.250275382,0.998888671,-0.00094544,1.417467765,0,1,936,300,300,300,10216.2,1.22,-0.0068148,-0.17,2000.001613,1681.201384,0.840600014,0.191200028,6,0.5,0: Broadleaf,2,1682619132,377.5381613,400.0650645,25.86603871,18.31664839,386.1217419,26.35824516,600.1802581,101.3691613,0.112610839,30.16919355,29.52560323,999.9,0,0,10000.3629,0,330.1567097,2000.001613,0.979999968,0.02,0,2.303012903,0,7960.495484,16306.06452,46.68106452,48.68519355,47.302,47.17719355,46.10264516,1960.000645,40.00096774,0,319.2,0,2.2937,-0.336046164,-341.518461,7955.196,15,1682619111,11:11:51,1682619107,1682619111,22,0.149,-0.032,-8.76,-0.727,400,18,0.19,0.05,-22.514605,-0.412318199,0.07326318,1,2.291655882,0.058876585,0.137802105,1,7.40107075,2.898328593,0.315126832,0,2,3,3-Feb,100,100,-8.583,-0.4998,-5.556125364,-0.007814304,-3.18E-07,6.48E-10,-0.677728211,-0.027428369,0.001386821,-3.01E-06,5,2011,2,27,0.5,0.5,2,635.258,365.327,26.0014,34.023,30.0004,33.9708,33.9707,21.5895,33.6679,29.1153,26,400,17.9776,100.335,101.586
53,1682619179,7511.5,20230427 11:12:59,11:12:59,i6.hypgla.2,37.30955581,1682619171,0.007760675,19.84864466,377.1737419,303.7709256,30.82704474,38.27605224,0.531998954,2.952432977,0.483915504,0.306404319,321.4432166,30.10446024,29.55831613,4.153549852,59.77816067,2.580064153,4.316064804,1.573485699,-342.2457841,106.273207,7.99501939,93.46565894,0,0,1,0,53001.34866,RECT-1505-20210918-17_20_47,10288.4,812.936,2752.91,1939.974,0.704699391,-1,MPF-937-20230427-11_22_51,10215,2.301636,2.17,-0.060661751,0.5,1681.190778,19.84864466,-50.99198831,1,0.012401118,1267.62212,-,0,2.17,-0.060661751,0.999211743,0.00016236,1.41792622,0,1,937,300,300,300,10215,1.65,-0.00681392,-0.57,1999.989355,1681.190778,0.840599863,0.191199726,6,0.5,0: Broadleaf,2,1682619171,377.1737419,399.9425161,25.42405484,17.86300968,385.7544516,25.93284516,600.1842903,101.3688065,0.112415548,30.22598065,29.55831613,999.9,0,0,9994.229032,0,337.5232903,1999.989355,0.980002484,0.019997416,0,2.292687097,0,7795.729355,16305.98065,46.95529032,48.94722581,47.526,47.48974194,46.34654839,1959.997742,39.99064516,0,38.60000014,0,2.301636,-0.19552308,-212.8399996,7793.432,15,1682619111,11:11:51,1682619107,1682619111,22,0.149,-0.032,-8.76,-0.727,400,18,0.19,0.05,-22.7542975,-0.179521576,0.04575238,1,2.256297143,0.369301761,0.215914206,1,7.5983085,-0.876232795,0.086838927,0,2,3,3-Feb,100,100,-8.58,-0.5076,-5.556125364,-0.007814304,-3.18E-07,6.48E-10,-0.677728211,-0.027428369,0.001386821,-3.01E-06,5,2011,2,27,1.2,1.1,2,635.499,365.198,26.0026,34.0518,30.0004,33.9799,33.9845,21.6017,30.7135,27.1842,26,400,18.134,100.335,101.582
54,1682619219,7551,20230427 11:13:38,11:13:38,i6.hypgla.2,38.04377245,1682619211,0.007663775,19.92698647,377.1197667,302.5256569,30.70036972,38.27019627,0.523791022,2.95391232,0.477131355,0.302052149,321.4485678,30.21327782,29.63460333,4.171844691,59.86395292,2.596204959,4.336841844,1.575639731,-337.9724613,107.5185294,8.091065383,99.08570127,0,0,1,0,53029.39932,RECT-1505-20210918-17_20_47,10288.4,812.936,2752.91,1939.974,0.704699391,-1,MPF-938-20230427-11_23_31,10213.7,2.274915385,2.7953,0.186164138,0.5,1681.21903,19.92698647,156.4913459,1,0.012447507,983.8352592,-,0,2.7953,0.186164138,0.998984602,-0.000642339,1.417603896,0,1,938,300,300,300,10213.7,1.14,-0.00681292,-0.33,2000.023,1681.21903,0.840599848,0.191199696,6,0.5,0: Broadleaf,2,1682619211,377.1197667,399.93,25.58336,18.11791333,385.7,26.08621667,600.1818667,101.3684333,0.111785033,30.30975333,29.63460333,999.9,0,0,10002.66233,0,344.8224,2000.023,0.9800056,0.0199943,0,2.285953333,0,7685.151,16306.29,47.2101,49.2101,47.76853333,47.81223333,46.6019,1960.032667,39.99033333,0,38.4000001,0,2.274915385,0.041647853,-135.6341882,7684.842308,15,1682619111,11:11:51,1682619107,1682619111,22,0.149,-0.032,-8.76,-0.727,400,18,0.19,0.05,-22.808235,0.126292683,0.044918936,1,2.259948571,0.432314677,0.178717217,1,7.4882635,-0.427375385,0.05162465,0,2,3,3-Feb,100,100,-8.58,-0.502,-5.556125364,-0.007814304,-3.18E-07,6.48E-10,-0.677728211,-0.027428369,0.001386821,-3.01E-06,5,2011,2,27,1.9,1.8,2,635.633,365.31,26.0037,34.0883,30.0004,33.9998,34.0049,21.6182,28.3649,25.2928,26,400,18.2863,100.335,101.582
55,1682619484,7816.1,20230427 11:18:03,11:18:03,i6.galpar.2,47.81635684,1682619476,0.000196619,0.502181808,399.2886774,311.9821075,31.65927817,40.51896248,0.010502302,2.951105919,0.010481582,0.006552847,321.4432624,31.90452723,30.5489129,4.396637754,59.78433569,2.558292329,4.279201733,1.838345425,-8.670910316,-75.1639828,-5.680783389,231.9275859,0,0,1,0,52989.08893,RECT-1505-20210918-17_20_47,10288.4,812.936,2752.91,1939.974,0.704699391,-1,MPF-939-20230427-11_27_56,10215.4,2.23158,2.79482,0.201529973,0.5,1681.188368,0.502181808,169.4049234,1,0.000893524,984.004401,-,0,2.79482,0.201529973,0.998984776,-0.000695237,1.417604143,0,1,939,300,300,300,10215.4,1.25,-0.00681241,-0.28,1999.986129,1681.188368,0.840600014,0.191200028,6,0.5,0: Broadleaf,2,1682619476,399.2886774,399.869129,25.21034839,25.01876452,408.1082903,25.85046774,600.2460645,101.3648065,0.113058484,30.07648065,30.5489129,999.9,0,0,9987.095161,0,348.2005484,1999.986129,0.979999871,0.0200001,0,2.237358065,0,1315.360323,16305.92903,48,49.562,48.625,48.12093548,47.21951613,1959.985484,40.00064516,0,264,0,2.23158,-0.633707708,-126.6784615,1314.1756,15,1682619463,11:17:43,1682619455,1682619463,23,-0.065,-0.128,-8.825,-0.663,400,25,0.72,0.2,-0.475622572,-1.843312174,0.213920506,0,2.234337143,-0.234244071,0.182155301,1,0.184239824,0.173491996,0.082479599,0,1,3,3-Jan,100,100,-8.82,-0.6328,-5.621530668,-0.007814304,-3.18E-07,6.48E-10,-0.805923141,-0.027428369,0.001386821,-3.01E-06,5,2011,2,27,0.5,0.3,2,629.862,373.214,25.997,34.1457,29.9993,34.0865,34.0795,21.8041,16.0096,44.8868,26,400,25.0631,100.305,101.542
56,1682619690,8022.6,20230427 11:21:30,11:21:30,i6.galpar.2,39.60575349,1682619683,0.001191197,2.279649516,397.2636296,321.3008586,32.60330803,40.31146553,0.057558544,2.955421282,0.056942963,0.035644111,321.4455838,31.66577865,31.2262963,4.569916142,58.85464085,2.521364983,4.284054659,2.048551159,-52.53178639,-180.0571318,-13.63552353,75.22114206,0,0,1,0,53110.09236,RECT-1505-20210918-17_20_47,10288.4,812.936,2752.91,1939.974,0.704699391,-1,MPF-940-20230427-11_31_22,10206.1,2.228924,1.5116,-0.474546176,0.5,1681.202593,2.279649516,-398.9041309,1,0.001950776,1820.189468,-,0,1.5116,-0.474546176,0.999450908,0.000884031,1.418265606,0,1,940,300,300,300,10206.1,0.92,-0.00680637,-0.37,2000.003333,1681.202593,0.840599895,0.191199791,6,0.5,0: Broadleaf,2,1682619683,397.2636296,400.0133333,24.84768519,23.68742222,406.0562222,25.4735963,600.6906296,101.3562222,0.116609741,30.09622593,31.2262963,999.9,0,0,10012.43815,0,324.3778519,2000.003333,0.980002111,0.019997589,0,2.203518519,0,1916.024074,16306.09259,48.125,49.979,48.812,47.94166667,47.312,1960.004074,39.99296296,0,205.8,0,2.228924,-0.05566153,-270.6915385,1916.5,15,1682619677,11:21:16,1682619675,1682619677,24,0.011,0.031,-8.815,-0.67,400,24,0.46,0.06,-1.758316601,-17.2318183,1.806447972,0,2.226508824,-0.186364301,0.17089999,1,0.728396694,7.345469078,0.763676573,0,1,3,3-Jan,100,100,-8.783,-0.6001,-5.610553727,-0.007814304,-3.18E-07,6.48E-10,-0.774581477,-0.027428369,0.001386821,-3.01E-06,5,2011,2,27,0.2,0.2,2,629.674,373.073,26.004,33.6909,29.9995,33.7353,33.7422,21.7722,21.7343,44.1432,26,400,23.4965,100.404,101.641
57,1682619727,8059.6,20230427 11:22:07,11:22:07,i6.galpar.2,36.03969385,1682619719,0.001828604,3.275779622,396.0121935,325.719381,33.05011309,40.18258829,0.090893658,2.952359676,0.089367206,0.055989514,321.4473495,31.62093395,31.2536,4.577023529,59.67741444,2.573975909,4.313149175,2.00304762,-80.64145653,-165.4393323,-12.55052161,62.81603901,0,0,1,0,53001.01907,RECT-1505-20210918-17_20_47,10288.4,812.936,2752.91,1939.974,0.704699391,-1,MPF-941-20230427-11_31_59,10205.8,2.253026923,2.6072,0.13584423,0.5,1681.212706,3.275779622,114.1915229,1,0.002543271,1054.887542,-,0,2.6072,0.13584423,0.999052929,-0.000437073,1.417700856,0,1,941,300,300,300,10205.8,1.35,-0.00680612,0.34,2000.015484,1681.212706,0.840599845,0.191199691,6,0.5,0: Broadleaf,2,1682619719,396.0121935,400.0109032,25.36735161,23.58567742,404.7950323,25.97150323,600.183,101.3559677,0.112090419,30.21419677,31.2536,999.9,0,0,9995.079032,0,291.1693871,2000.015484,0.980003129,0.019996571,0,2.280558065,0,1804.443548,16306.20968,48.22358065,50.181,48.879,48.058,47.379,1960.025484,39.99,0,36.19999981,0,2.253026923,0.274888895,-132.2068376,1803.206538,15,1682619677,11:21:16,1682619675,1682619677,24,0.011,0.031,-8.815,-0.67,400,24,0.46,0.06,-3.9915135,-0.275125328,0.041417926,1,2.242266667,0.579106064,0.192298881,1,1.78846175,-0.075471107,0.017084859,1,3,3,3-Mar,100,100,-8.783,-0.6048,-5.610553727,-0.007814304,-3.18E-07,6.48E-10,-0.774581477,-0.027428369,0.001386821,-3.01E-06,5,2011,2,27,0.9,0.8,2,631.758,373.481,26.0024,33.6584,29.9996,33.6891,33.702,21.7651,22.0483,43.3834,26,400,23.6151,100.417,101.657
58,1682619765,8097.6,20230427 11:22:45,11:22:45,i6.galpar.2,40.66394255,1682619757,0.001593213,3.244270506,396.089129,318.627041,32.33018401,40.19004284,0.079782488,2.953441937,0.078604239,0.049232061,321.4463068,31.78126139,31.25185484,4.576568961,59.76475572,2.592606635,4.338019296,1.983962326,-70.26071446,-149.2527666,-11.32393413,90.60889161,0,0,1,0,53014.71236,RECT-1505-20210918-17_20_47,10288.4,812.936,2752.91,1939.974,0.704699391,-1,MPF-942-20230427-11_32_37,10206.1,2.141784,1.5996,-0.338949737,0.5,1681.207037,3.244270506,-284.9223418,1,0.002524538,1719.999,-,0,1.5996,-0.338949737,0.999418942,0.00066826,1.418220244,0,1,942,300,300,300,10206.1,1.12,-0.00680621,-0.01,2000.00871,1681.207037,0.840599858,0.191199715,6,0.5,0: Broadleaf,2,1682619757,396.089129,399.9631935,25.5511871,23.9991871,404.8727742,26.1484871,600.1952258,101.3552903,0.11187929,30.31449032,31.25185484,999.9,0,0,10001.28871,0,289.1484194,2000.00871,0.980002548,0.019997152,0,2.141293548,0,1718.3,16306.14516,48.312,50.407,48.98577419,48.177,47.5,1960.016129,39.99064516,0,37.39999986,0,2.141784,0.956253854,-118.7630772,1716.6368,15,1682619677,11:21:16,1682619675,1682619677,24,0.011,0.031,-8.815,-0.67,400,24,0.46,0.06,-3.8849585,0.206490507,0.030355988,1,2.150554545,0.290062199,0.169980887,1,1.5667115,-0.171608105,0.032718333,0,2,3,3-Feb,100,100,-8.784,-0.595,-5.610553727,-0.007814304,-3.18E-07,6.48E-10,-0.774581477,-0.027428369,0.001386821,-3.01E-06,5,2011,2,27,1.5,1.5,2,631.739,373.693,26.0011,33.6327,29.9995,33.6489,33.6612,21.7812,20.5712,43.0028,26,400,24.0658,100.431,101.665
59,1682620055,8387.6,20230427 11:27:35,11:27:35,e1.galpar.2,57.38864819,1682620047,0.00064758,1.920942642,397.8280645,294.734604,29.90854096,40.37007124,0.033472519,2.953218374,0.033263173,0.020808183,321.4418922,31.92058392,30.95470323,4.499739818,60.13749145,2.593207019,4.312130347,1.906532799,-28.5582834,-118.5547854,-8.977700567,165.3511229,0,0,1,0,53026.73577,RECT-1505-20210918-17_20_47,10288.4,812.936,2752.91,1939.974,0.704699391,-1,MPF-943-20230427-11_37_27,10221.2,2.179057692,2.1653,-0.006353712,0.5,1681.183984,1.920942642,-5.340879315,1,0.001737432,1270.375791,-,0,2.1653,-0.006353712,0.99921345,1.70E-05,1.417928642,0,1,943,300,300,300,10221.2,1,-0.00681652,-0.17,1999.98129,1681.183984,0.840599856,0.191199711,6,0.5,0: Broadleaf,2,1682620047,397.8280645,400.0059677,25.55483548,24.92399677,406.5763548,26.15998065,600.1831935,101.3656774,0.110499968,30.21007742,30.95470323,999.9,0,0,9998.994839,0,411.2152581,1999.98129,0.980006,0.0199941,0,2.197074194,0,1691.157742,16305.92903,48.558,50.5,49.375,48.308,47.687,1959.99129,39.99,0,289,0,2.179057692,-0.313945301,-40.40068422,1689.700769,15,1682620033,11:27:12,1682620030,1682620033,25,0.048,-0.008,-8.765,-0.635,400,25,0.29,0.4,-1.976507975,-3.226778848,0.488162096,0,2.195293939,-0.184556917,0.150999504,1,0.570854975,1.260143493,0.144517985,0,1,3,3-Jan,100,100,-8.749,-0.6047,-5.562168809,-0.007814304,-3.18E-07,6.48E-10,-0.782887869,-0.027428369,0.001386821,-3.01E-06,5,2011,2,27,0.4,0.4,2,629.208,371.734,25.9988,33.3353,30.0002,33.3753,33.3908,21.7722,20.2742,41.1214,26,400,24.7743,100.468,101.697
60,1682620101,8433.6,20230427 11:28:21,11:28:21,e1.galpar.2,50.81990439,1682620093,0.000727017,1.893927605,397.8454194,305.01076,30.95111813,40.37156122,0.037267437,2.953202292,0.037008128,0.023153227,321.4449438,31.96790679,31.02614516,4.51810794,59.93401952,2.594504529,4.328934636,1.923603411,-32.06147008,-119.1283339,-9.027391982,161.2277478,0,0,1,0,53014.38534,RECT-1505-20210918-17_20_47,10288.4,812.936,2752.91,1939.974,0.704699391,-1,MPF-944-20230427-11_38_13,10220.5,2.227565385,1.5512,-0.436027195,0.5,1681.198761,1.893927605,-366.5241899,1,0.001721348,1773.697009,-,0,1.5512,-0.436027195,0.999436524,0.000833594,1.418245193,0,1,944,300,300,300,10220.5,0.96,-0.00681527,-0.57,1999.99871,1681.198761,0.840599923,0.191199846,6,0.5,0: Broadleaf,2,1682620093,397.8454194,400.0277419,25.56779355,24.85963871,406.5939355,26.17245806,600.2324839,101.3644839,0.111012032,30.2779129,31.02614516,999.9,0,0,9999.02129,0,412.7957419,1999.99871,0.980004323,0.019995745,0,2.226893548,0,1666.372581,16306.06774,48.663,50.58841935,49.437,48.312,47.784,1960.004194,39.99483871,0,45,0,2.227565385,-0.5766735,-138.3470086,1665.075769,15,1682620033,11:27:12,1682620030,1682620033,25,0.048,-0.008,-8.765,-0.635,400,25,0.29,0.4,-2.16494825,-0.133201238,0.05677785,1,2.201691429,0.286285714,0.162392798,1,0.69918685,0.175737096,0.025976171,0,2,3,3-Feb,100,100,-8.749,-0.6055,-5.562168809,-0.007814304,-3.18E-07,6.48E-10,-0.782887869,-0.027428369,0.001386821,-3.01E-06,5,2011,2,27,1.2,1.1,2,630.193,371.075,26.0009,33.3663,30.0007,33.3907,33.4104,21.7716,20.2742,40.7501,26,400,24.9464,100.457,101.687
61,1682620141,8473.1,20230427 11:29:00,11:29:00,e1.galpar.2,53.45313659,1682620133,0.00068701,1.886059836,397.8755484,300.9176711,30.53513213,40.37377532,0.035284362,2.951146742,0.035051661,0.021928068,321.444662,31.96814563,31.01097097,4.514201117,59.98387733,2.594999606,4.326161831,1.91920151,-30.29715144,-118.40952,-8.97800212,163.7599884,0,0,1,0,52956.97407,RECT-1505-20210918-17_20_47,10288.4,812.936,2752.91,1939.974,0.704699391,-1,MPF-945-20230427-11_38_53,10219.8,2.166024,1.6668,-0.299510439,0.5,1681.196419,1.886059836,-251.7679389,1,0.00171667,1650.613871,-,0,1.6668,-0.299510439,0.999394532,0.000615362,1.418185605,0,1,945,300,300,300,10219.8,1.21,-0.00681541,-0.87,1999.995806,1681.196419,0.840599972,0.191199944,6,0.5,0: Broadleaf,2,1682620133,397.8755484,400.0342581,25.57320645,24.90398065,406.624129,26.17766774,600.1930968,101.3624516,0.110924871,30.26673548,31.01097097,999.9,0,0,9987.55871,0,412.0533226,1999.995806,0.980000194,0.019999848,0,2.164348387,0,1649.976452,16306.03226,48.75,50.683,49.508,48.308,47.85264516,1959.997742,39.99806452,0,38.39999986,0,2.166024,0.576238468,-154.321539,1651.6448,15,1682620033,11:27:12,1682620030,1682620033,25,0.048,-0.008,-8.765,-0.635,400,25,0.29,0.4,-2.17489625,0.132364615,0.049614822,1,2.196085714,0.016022701,0.159857199,1,0.673434825,-0.216255614,0.028214122,0,2,3,3-Feb,100,100,-8.749,-0.6038,-5.562168809,-0.007814304,-3.18E-07,6.48E-10,-0.782887869,-0.027428369,0.001386821,-3.01E-06,5,2011,2,27,1.9,1.8,2,630.798,370.44,25.9988,33.4086,30.0007,33.4186,33.4367,21.7686,19.9897,40.3777,26,400,24.9806,100.446,101.678
62,1682620501,8833.1,20230427 11:35:00,11:35:00,e1.hypgla.2,17.82606076,1682620493,0.003260915,3.471385066,395.1917333,355.4075523,36.06045619,40.09704941,0.194736522,2.952737423,0.187872559,0.118016893,321.4398373,31.29352035,30.25440667,4.323105193,60.65219784,2.622294336,4.323494333,1.700810857,-143.8063676,0.249925129,0.01886779,177.9022626,0,0,1,0,53004.54284,RECT-1505-20210918-17_20_47,10288.4,812.936,2752.91,1939.974,0.704699391,-1,MPF-946-20230427-11_44_53,10228.7,2.228388462,2.0348,-0.095138815,0.5,1681.171849,3.471385066,-79.97234908,1,0.002659684,1351.914291,-,0,2.0348,-0.095138815,0.999260855,0.000238732,1.417995911,0,1,946,300,300,300,10228.7,1.16,-0.0068208,-0.38,1999.966667,1681.171849,0.840599934,0.191199869,6,0.5,0: Broadleaf,2,1682620493,395.1917333,399.9499667,25.84502,22.66961,403.9254,26.39441667,600.2318333,101.3523667,0.109900967,30.25597667,30.25440667,999.9,0,0,9997.578,0,416.4489667,1999.966667,0.9800028,0.01999764,0,2.242653333,0,3836.763,16305.79333,49.0788,51.28306667,49.90806667,48.8624,48.14566667,1959.973333,39.995,0,359.3999999,0,2.228388462,0.570704269,-732.9702569,3829.611538,15,1682620480,11:34:39,1682620464,1682620480,26,-0.006,0.047,-8.77,-0.675,400,22,0.57,0.05,-4.057320343,-11.07332686,1.409485062,0,2.208279412,0.693914766,0.213974002,1,2.743471165,7.858988287,0.929777538,0,1,3,3-Jan,100,100,-8.733,-0.5488,-5.56795796,-0.007814304,-3.18E-07,6.48E-10,-0.736336768,-0.027428369,0.001386821,-3.01E-06,5,2011,2,27,0.6,0.3,2,630.843,364.888,26.0022,33.2072,29.9992,33.2209,33.2167,21.6977,28.1727,34.0783,26,400,22.156,100.471,101.73
63,1682620540,8872.6,20230427 11:35:40,11:35:40,e1.hypgla.2,19.34604987,1682620532,0.003468147,3.904121337,394.6853548,352.1272478,35.72622653,40.04409906,0.201804573,2.952544863,0.194442977,0.122165897,321.4395886,31.3326718,30.34503871,4.345619263,59.77015121,2.597900252,4.346484323,1.747719011,-152.9452897,0.553013786,0.041789657,169.0891024,0,0,1,0,52982.72944,RECT-1505-20210918-17_20_47,10288.4,812.936,2752.91,1939.974,0.704699391,-1,MPF-947-20230427-11_45_32,10225.1,2.158728,1.7916,-0.204916276,0.5,1681.169119,3.904121337,-172.2494576,1,0.00291709,1535.565081,-,0,1.7916,-0.204916276,0.999349198,0.000452605,1.418121274,0,1,947,300,300,300,10225.1,0.96,-0.00681908,-0.31,1999.963226,1681.169119,0.840600016,0.191200032,6,0.5,0: Broadleaf,2,1682620532,394.6853548,399.9566452,25.6056,22.22731935,403.415,26.16404516,600.1887097,101.3482258,0.110058806,30.3485129,30.34503871,999.9,0,0,9996.893548,0,417.1849032,1999.963226,0.979998161,0.020002039,0,2.195545161,0,3444.516452,16305.73548,49.296,51.53,50.05,49.1006129,48.33435484,1959.963226,40.00032258,0,38.4000001,0,2.158728,0.199876922,-395.1907691,3440.6884,15,1682620480,11:34:39,1682620464,1682620480,26,-0.006,0.047,-8.77,-0.675,400,22,0.57,0.05,-5.253604,-0.397036548,0.051696336,1,2.203564706,-0.67422181,0.202996105,1,3.40745675,-0.623057223,0.062742377,0,2,3,3-Feb,100,100,-8.73,-0.5566,-5.56795796,-0.007814304,-3.18E-07,6.48E-10,-0.736336768,-0.027428369,0.001386821,-3.01E-06,5,2011,2,27,1.3,1,2,632.3,365.495,26.0023,33.1379,29.9995,33.1496,33.1528,21.7041,26.104,32.5623,26,400,22.3798,100.488,101.745
64,1682620578,8910.1,20230427 11:36:17,11:36:17,e1.hypgla.2,20.68286861,1682620572,0.00348551,4.165633944,394.4220909,349.6238307,35.47207297,40.01720696,0.201405038,2.952550182,0.194072006,0.121931603,321.4471782,31.41232191,30.42184545,4.364778873,59.64992385,2.605198486,4.367479987,1.759580387,-153.7109903,1.719844698,0.130066929,169.5860996,0,0,1,0,52968.17805,RECT-1505-20210918-17_20_47,10288.4,812.936,2752.91,1939.974,0.704699391,-1,MPF-948-20230427-11_46_10,10222.7,2.217503846,1.828,-0.213076502,0.5,1681.211564,4.165633944,-179.1133398,1,0.003072566,1504.968271,-,0,1.828,-0.213076502,0.999335975,0.000480212,1.418102511,0,1,948,300,300,300,10222.7,1.26,-0.0068169,-0.18,2000.014091,1681.211564,0.840599859,0.191199719,6,0.5,0: Broadleaf,2,1682620572,394.4220909,399.9610909,25.67765,22.28249545,403.1496818,26.23338636,600.1512273,101.3475909,0.110232773,30.43265,30.42184545,999.9,0,0,9996.986364,0,416.0065455,2000.014091,0.980003818,0.019996355,0,2.246522727,0,3206.453636,16306.19091,49.5,51.781,50.22995455,49.38059091,48.55918182,1960.023182,39.99090909,0,36.60000014,0,2.217503846,0.350485471,-92.8444445,3210.97,15,1682620480,11:34:39,1682620464,1682620480,26,-0.006,0.047,-8.77,-0.675,400,22,0.57,0.05,-5.515323,-0.289775235,0.05041904,1,2.214463636,0.313346923,0.15000021,1,3.414829,-0.343977636,0.038090449,0,2,3,3-Feb,100,100,-8.727,-0.5555,-5.56795796,-0.007814304,-3.18E-07,6.48E-10,-0.736336768,-0.027428369,0.001386821,-3.01E-06,5,2011,2,27,1.9,1.6,2,631.762,365.506,26.0049,33.0874,29.9996,33.091,33.0965,21.7085,25.4989,31.4251,26,400,22.3506,100.5,101.759
65,1682620896,9228.1,20230427 11:41:35,11:41:35,i8.galpar.2-i6,40.93761142,1682620888,0.001429949,2.883252283,396.418,318.4331119,32.30985433,40.22260047,0.070430398,2.953910457,0.069510615,0.043525772,321.4499165,31.9637356,31.43879,4.625484655,59.74263336,2.612628791,4.373139656,2.012855864,-63.06073548,-156.6267604,-11.90075997,89.86166061,0,0,1,0,53003.51001,RECT-1505-20210918-17_20_47,10288.4,812.936,2752.91,1939.974,0.704699391,-1,MPF-949-20230427-11_51_28,10212.5,2.272656,1.618,-0.404608158,0.5,1681.22604,2.883252283,-340.1188858,1,0.002309774,1700.427689,-,0,1.618,-0.404608158,0.999412258,0.000806904,1.41821076,0,1,949,300,300,300,10212.5,1.04,-0.00681032,-0.32,2000.031333,1681.22604,0.840599851,0.191199701,6,0.5,0: Broadleaf,2,1682620888,396.418,399.8624,25.74903333,24.35821,405.0061,26.33511667,600.9946,101.3494667,0.115654667,30.45527,31.43879,999.9,0,0,10004.52367,0,484.8461,2000.031333,0.9800041,0.0199958,0,2.293866667,0,1622.18,16306.33667,47.7143,50.02273333,48.5186,47.781,47.05796667,1960.040667,39.99066667,0,317.4000001,0,2.272656,0.192192313,-58.11999997,1621.352,15,1682620879,11:41:18,1682620879,1682620865,27,0.154,-0.035,-8.616,-0.643,400,24,0.47,0.1,-2.61780365,-15.38191337,1.651744114,0,2.273652941,0.102530791,0.161258822,1,1.046533796,6.260235975,0.67397476,0,1,3,3-Jan,100,100,-8.584,-0.5744,-5.414071189,-0.007814304,-3.18E-07,6.48E-10,-0.770922328,-0.027428369,0.001386821,-3.01E-06,5,2011,2,27,0.3,0.5,2,631.711,360.7,26,33.0489,30.0017,33.0161,33.0279,21.7867,16.7554,30.8167,26,400,24.2415,100.505,101.752
66,1682620933,9265.1,20230427 11:42:12,11:42:12,i8.galpar.2-i6,36.3644537,1682620926,0.001782499,3.239115883,396.0372222,325.3066063,33.00277324,40.17848512,0.089073685,2.953229554,0.087607641,0.054884484,321.4493001,31.86673635,31.39535556,4.61407866,60.01462237,2.623540752,4.371502557,1.990537908,-78.60822463,-150.7165846,-11.45150843,80.67298247,0,0,1,0,52984.80582,RECT-1505-20210918-17_20_47,10288.4,812.936,2752.91,1939.974,0.704699391,-1,MPF-950-20230427-11_52_05,10213.6,2.177268,1.90906,-0.140492179,0.5,1681.220511,3.239115883,-118.0991668,1,0.002521451,1441.023823,-,0,1.90906,-0.140492179,0.99930653,0.000330702,1.418060727,0,1,950,300,300,300,10213.6,1.03,-0.00681156,-0.79,2000.024444,1681.220511,0.840599982,0.191199963,6,0.5,0: Broadleaf,2,1682620926,396.0372222,399.981037,25.8601037,24.12424444,404.6223333,26.44220741,600.1882222,101.34,0.111285037,30.44872963,31.39535556,999.9,0,0,10001.59185,0,482.9277407,2000.024444,0.980002111,0.019997789,0,2.171718519,0,1593.215185,16306.25926,47.58066667,49.826,48.34466667,47.61566667,46.91633333,1960.024815,39.99925926,0,36.4000001,0,2.177268,-0.368476925,-28.04923076,1593.2076,15,1682620879,11:41:18,1682620879,1682620865,27,0.154,-0.035,-8.616,-0.643,400,24,0.47,0.1,-3.97501975,0.498729343,0.064972893,1,2.180820588,-0.296385877,0.17232337,1,1.74531375,-0.15334728,0.016581471,0,2,3,3-Feb,100,100,-8.585,-0.5831,-5.414071189,-0.007814304,-3.18E-07,6.48E-10,-0.770922328,-0.027428369,0.001386821,-3.01E-06,5,2011,2,27,0.9,1.1,2,634.945,359.292,26.0011,33.2078,30.0021,33.1352,33.1477,21.7885,15.9011,30.4431,26,400,24.2383,100.473,101.724
67,1682620971,9303,20230427 11:42:50,11:42:50,i8.galpar.2-i6,39.18448837,1682620963,0.001679859,3.286853359,396.0059677,320.8250819,32.54533648,40.17188242,0.083881492,2.953301,0.082580066,0.051727787,321.4459577,31.89645009,31.38191613,4.610554398,59.93447948,2.620538047,4.372338043,1.990016351,-74.0817793,-148.0489385,-11.24798571,88.06725422,0,0,1,0,52986.09064,RECT-1505-20210918-17_20_47,10288.4,812.936,2752.91,1939.974,0.704699391,-1,MPF-951-20230427-11_52_43,10214.4,2.208123077,1.4792,-0.492781961,0.5,1681.202468,3.286853359,-414.2331246,1,0.002549873,1860.080314,-,0,1.4792,-0.492781961,0.999462678,0.000898289,1.418282307,0,1,951,300,300,300,10214.4,1.61,-0.00681227,-0.53,2000.002903,1681.202468,0.840600014,0.191200027,6,0.5,0: Broadleaf,2,1682620963,396.0059677,399.9567097,25.8327129,24.19680645,404.590871,26.41585484,600.2043548,101.3309677,0.111651032,30.45206774,31.38191613,999.9,0,0,10002.88903,0,481.5873226,2000.002903,0.979999871,0.0200001,0,2.201041935,0,1577.387419,16306.06452,47.48577419,49.70732258,48.19112903,47.5,46.808,1960.001935,40.00096774,0,36.89999986,0,2.208123077,0.61358632,-18.21367525,1577.378077,15,1682620879,11:41:18,1682620879,1682620865,27,0.154,-0.035,-8.616,-0.643,400,24,0.47,0.1,-3.96898825,0.364454972,0.046003136,1,2.217168571,-0.033254795,0.196587298,1,1.6421005,-0.116549493,0.016965785,0,2,3,3-Feb,100,100,-8.585,-0.5829,-5.414071189,-0.007814304,-3.18E-07,6.48E-10,-0.770922328,-0.027428369,0.001386821,-3.01E-06,5,2011,2,27,1.5,1.8,2,635.67,358.279,26.0035,33.3905,30.0023,33.2809,33.2907,21.8006,14.7349,30.4431,26,400,24.2675,100.437,101.687
68,1682621346,9678,20230427 11:49:05,11:49:05,i8.hypgla.2,20.41229723,1682621338,0.016839906,26.96801682,366.9110667,318.939983,32.35546417,37.22198063,1.321165204,2.952508323,1.061627287,0.682553906,321.4480263,27.30345431,29.52383667,4.145304124,61.60881008,2.589533235,4.203186577,1.555770889,-742.6398659,38.32683847,2.876208267,-379.9887929,0,0,1,0,53083.55534,RECT-1505-20210918-17_20_47,10288.4,812.936,2752.91,1939.974,0.704699391,-1,MPF-952-20230427-11_58_58,10352.9,2.3158,2.9008,0.201668505,0.5,1681.21069,26.96801682,169.5236234,1,0.016635641,948.0175124,-,0,2.9008,0.201668505,0.998946279,-0.000722191,1.417549514,0,1,952,300,300,300,10352.9,1.03,-0.00690356,-0.18,2000.012333,1681.21069,0.840600161,0.191200323,6,0.5,0: Broadleaf,2,1682621338,366.9110667,400.0484333,25.52600333,9.120605333,375.5461,25.92816,600.1701667,101.3343333,0.112540333,29.76462,29.52383667,999.9,0,0,9998.056667,0,279.1430667,2000.012333,0.9799945,0.02000555,0,2.295706667,0,18449.80333,16306.11333,46.5977,49.375,47.375,47,46.05786667,1960.001333,40.011,0,373.8,0,2.3158,0.649258111,-267.4358976,18449.81154,15,1682621310,11:48:29,1682621309,1682621310,30,-0.002,-0.007,-8.882,-0.689,398,14,0.19,0.03,-33.1267075,-0.486469418,0.084838713,1,2.329238235,0.439034581,0.228181936,1,16.477545,-1.340057786,0.132332441,0,2,3,3-Feb,100,100,-8.635,-0.4113,-5.689693754,-0.007814304,-3.18E-07,6.48E-10,-0.57094916,-0.027428369,0.001386821,-3.01E-06,5,2011,2,27,0.6,0.6,2,635.919,346.138,26.0001,34.0099,29.9998,33.8887,33.8754,21.5678,60.221,16.6582,26,400,8.87309,100.338,101.612
69,1682621383,9715,20230427 11:49:42,11:49:42,i8.hypgla.2,21.31569576,1682621375,0.016847622,27.14591253,366.6908065,316.9898741,32.15701941,37.19892762,1.273517545,2.953454867,1.030603552,0.662062215,321.4411681,27.24208319,29.43618387,4.124406264,60.17050035,2.520363916,4.188703603,1.604042348,-742.9801267,42.74619427,3.204481662,-375.5882827,0,0,1,0,53121.39496,RECT-1505-20210918-17_20_47,10288.4,812.936,2752.91,1939.974,0.704699391,-1,MPF-953-20230427-11_59_35,10354.3,2.387242308,4.11155,0.419381424,0.5,1681.178971,27.14591253,352.5276151,1,0.016741771,668.5552772,-,0,4.11155,0.419381424,0.998506471,-0.002131869,1.416925407,0,1,953,300,300,300,10354.3,1.97,-0.00690453,-0.34,1999.975161,1681.178971,0.840599925,0.191199851,6,0.5,0: Broadleaf,2,1682621375,366.6908065,400.0042903,24.84464839,8.420676129,375.3240645,25.27155484,600.1854516,101.3320968,0.11284529,29.70464516,29.43618387,999.9,0,0,10003.65129,0,273.5307097,1999.975161,0.98000171,0.019998281,0,2.409645161,0,18256.00968,16305.85161,46.5863871,49.34045161,47.32825806,46.94106452,46.004,1959.980323,39.99451613,0,35.79999995,0,2.387242308,-0.264358976,-221.8188037,18255.32308,15,1682621310,11:48:29,1682621309,1682621310,30,-0.002,-0.007,-8.882,-0.689,398,14,0.19,0.03,-33.3220375,0.497449531,0.081490557,1,2.383867647,0.240776011,0.216726478,1,16.48618,-1.281088931,0.126639303,0,2,3,3-Feb,100,100,-8.635,-0.4291,-5.689693754,-0.007814304,-3.18E-07,6.48E-10,-0.57094916,-0.027428369,0.001386821,-3.01E-06,5,2011,2,27,1.2,1.2,2,636.969,345.488,25.9992,33.9915,29.9998,33.8826,33.8761,21.5657,59.3967,12.2488,26,400,8.61227,100.347,101.618
70,1682621420,9752,20230427 11:50:19,11:50:19,i8.hypgla.2,21.46384488,1682621412,0.016768339,27.05113726,366.8044516,316.8558431,32.14301793,37.20998783,1.260311813,2.953673306,1.021924575,0.656335826,321.4473066,27.22708112,29.39673871,4.115031897,59.92141372,2.504795594,4.180134344,1.610236303,-739.4837703,43.36627632,3.249517121,-371.4206702,0,0,1,0,53133.93166,RECT-1505-20210918-17_20_47,10288.4,812.936,2752.91,1939.974,0.704699391,-1,MPF-954-20230427-12_00_12,10354.8,2.323812,2.1636,-0.074048808,0.5,1681.21171,27.05113726,-62.24586116,1,0.016685071,1271.374746,-,0,2.1636,-0.074048808,0.999214068,0.000197604,1.417929519,0,1,954,300,300,300,10354.8,1.8,-0.0069047,-1.42,2000.014194,1681.21171,0.840599889,0.191199779,6,0.5,0: Broadleaf,2,1682621412,366.8044516,399.9946774,24.69149355,8.342909677,375.4386452,25.12383548,600.2099355,101.3309677,0.112697032,29.66907419,29.39673871,999.9,0,0,10005.00323,0,284.6904516,2000.014194,0.980005129,0.019994865,0,2.362680645,0,18098.40645,16306.22258,46.60467742,49.312,47.312,46.937,46,1960.02129,39.99290323,0,36,0,2.323812,-0.241600003,-177.307692,18096.488,15,1682621310,11:48:29,1682621309,1682621310,30,-0.002,-0.007,-8.882,-0.689,398,14,0.19,0.03,-33.2397375,0.745570356,0.091008617,0,2.340742857,-0.079554599,0.219290256,1,16.408065,-1.255794371,0.122119281,0,1,3,3-Jan,100,100,-8.635,-0.4342,-5.689693754,-0.007814304,-3.18E-07,6.48E-10,-0.57094916,-0.027428369,0.001386821,-3.01E-06,5,2011,2,27,1.8,1.8,2,636.882,345.774,25.999,33.9754,29.9999,33.8796,33.8784,21.5701,57.6499,7.97494,26,400,8.60932,100.346,101.622
71,1682621744,10076,20230427 11:55:43,11:55:43,e3.hypgla.2,28.99495842,1682621736,0.004616388,7.34262613,390.8943871,331.6503889,33.64215753,39.6517869,0.253238029,2.953282939,0.241763249,0.15208966,321.4439271,30.56221181,30.66062581,4.424814041,60.39539354,2.554511733,4.229646639,1.870302308,-203.5827001,-125.2876504,-9.457827195,-16.88425059,0,0,1,0,53086.64273,RECT-1505-20210918-17_20_47,10288.4,812.936,2752.91,1939.974,0.704699391,-1,MPF-955-20230427-12_05_36,10201.4,2.289442308,1.69954,-0.347095277,0.5,1681.18921,7.34262613,-291.7664175,1,0.004962336,1618.797122,-,0,1.69954,-0.347095277,0.999382639,0.000727164,1.418168728,0,1,955,300,300,300,10201.4,1.29,-0.00680628,-0.21,1999.986774,1681.18921,0.840600164,0.191200327,6,0.5,0: Broadleaf,2,1682621736,390.8943871,400.0386774,25.18283226,20.68410323,399.2491935,25.72350645,600.1873871,101.3261613,0.112457968,29.87372903,30.66062581,999.9,0,0,10003.26097,0,425.4653226,1999.986774,0.979993226,0.020006274,0,2.294732258,0,2032.860645,16305.90968,45.754,48.062,46.5,45.875,45.187,1959.976129,40.01064516,0,323.3999999,0,2.289442308,0.681808542,-203.8550429,2030.162308,15,1682621714,11:55:14,1682621707,1682621714,31,0.464,-0.131,-8.427,-0.698,400,20,0.3,0.03,-9.145286,-0.269021538,0.062339405,1,2.290572727,0.299979464,0.178031625,1,4.386738,2.007706041,0.224077853,0,2,3,3-Feb,100,100,-8.355,-0.5441,-5.22552842,-0.007814304,-3.18E-07,6.48E-10,-0.701637352,-0.027428369,0.001386821,-3.01E-06,5,2011,2,27,0.6,0.5,2,638.967,353.091,26.0044,33.8348,30.001,33.8873,33.901,21.7724,26.7339,29.73,26,400,20.6877,100.336,101.599
72,1682621783,10115,20230427 11:56:22,11:56:22,e3.hypgla.2,29.98335261,1682621775,0.004562107,7.367978967,390.8198333,329.8270008,33.45478985,39.64137369,0.245735661,2.952009247,0.234910647,0.147751998,321.4499572,30.68541007,30.7679,4.452018723,59.9160379,2.550154263,4.256213115,1.90186446,-201.1889107,-124.9667599,-9.447770711,-14.15348413,0,0,1,0,53030.5963,RECT-1505-20210918-17_20_47,10288.4,812.936,2752.91,1939.974,0.704699391,-1,MPF-956-20230427-12_06_15,10200.7,2.236107692,1.652,-0.353576085,0.5,1681.22103,7.367978967,-297.2197748,1,0.004977322,1665.410412,-,0,1.652,-0.353576085,0.999399908,0.000719979,1.418193234,0,1,956,300,300,300,10200.7,1.17,-0.00680292,-0.31,2000.024667,1681.22103,0.840600148,0.191200295,6,0.5,0: Broadleaf,2,1682621775,390.8198333,399.9679667,25.14168333,20.69564,399.1740333,25.68387333,600.1841333,101.3184667,0.112858733,29.98268,30.7679,999.9,0,0,9996.789333,0,423.8694333,2000.024667,0.9799938,0.0200057,0,2.265936667,0,1971.712333,16306.21,45.812,48.062,46.4958,45.8666,45.1912,1960.014333,40.01033333,0,38.19999981,0,2.236107692,-0.233565808,10.217094,1971.921923,15,1682621714,11:55:14,1682621707,1682621714,31,0.464,-0.131,-8.427,-0.698,400,20,0.3,0.03,-9.16702025,0.559850769,0.069733213,0,2.228247059,0.233951817,0.171857322,1,4.4539255,-0.075405929,0.024629375,1,2,3,3-Feb,100,100,-8.355,-0.5414,-5.22552842,-0.007814304,-3.18E-07,6.48E-10,-0.701637352,-0.027428369,0.001386821,-3.01E-06,5,2011,2,27,1.3,1.1,2,640.825,352.041,26.003,33.9165,30.0011,33.9558,33.9706,21.783,24.9571,28.5935,26,400,20.7816,100.323,101.59
73,1682621820,10152.5,20230427 11:57:00,11:57:00,e3.hypgla.2,28.07169914,1682621812,0.004574469,6.839489889,391.3387333,333.3552051,33.81039543,39.69134761,0.243643602,2.952471688,0.232999417,0.14654222,321.4518923,30.80177903,30.88243333,4.481225037,59.71369895,2.559071762,4.285568986,1.922153275,-201.7340959,-124.1634085,-9.396439146,-13.84205131,0,0,1,0,53022.84987,RECT-1505-20210918-17_20_47,10288.4,812.936,2752.91,1939.974,0.704699391,-1,MPF-957-20230427-12_06_52,10200,2.261311538,1.7244,-0.311361365,0.5,1681.231121,6.839489889,-261.7352086,1,0.004662946,1595.44514,-,0,1.7244,-0.311361365,0.999373608,0.000661864,1.418155913,0,1,957,300,300,300,10200,1.31,-0.00680421,-0.52,2000.036667,1681.231121,0.840600149,0.191200299,6,0.5,0: Broadleaf,2,1682621812,391.3387333,399.9655333,25.23129,20.77371667,399.6970333,25.77020667,600.1987,101.3112333,0.113297967,30.10238333,30.88243333,999.9,0,0,10000.12833,0,433.5117,2000.036667,0.979995,0.0200045,0,2.24124,0,2001.941,16306.32333,45.92873333,48.15186667,46.53306667,45.92253333,45.30786667,1960.025,40.01066667,0,36.79999995,0,2.261311538,0.676858118,40.851282,2002.279231,15,1682621714,11:55:14,1682621707,1682621714,31,0.464,-0.131,-8.427,-0.698,400,20,0.3,0.03,-8.66597425,0.850610094,0.087739151,0,2.234585294,0.528001576,0.174799189,1,4.4749145,-0.221399099,0.038972243,0,1,3,3-Jan,100,100,-8.359,-0.5383,-5.22552842,-0.007814304,-3.18E-07,6.48E-10,-0.701637352,-0.027428369,0.001386821,-3.01E-06,5,2011,2,27,1.9,1.8,2,641.895,351.27,26.004,34.0129,30.0013,34.0339,34.0485,21.791,22.5899,27.4531,26,400,20.9555,100.303,101.567
74,1682621964,10296.5,20230427 11:59:24,11:59:24,e3.galpar.2,63.878318,1682621956,0.0012169,3.889659887,395.4917742,281.3574091,28.53628575,40.11220573,0.060891708,2.953082157,0.060202689,0.037687936,321.4436592,31.75120721,31.02854839,4.518726957,58.97974848,2.539952918,4.306483129,1.978774039,-53.66527787,-133.9435648,-10.1460622,123.6887544,0,0,1,0,53025.6129,RECT-1505-20210918-17_20_47,10288.4,812.936,2752.91,1939.974,0.704699391,-1,MPF-958-20230427-12_09_16,10260.5,2.193408,2.0844,-0.052297064,0.5,1681.191501,3.889659887,-43.96068969,1,0.002908449,1319.720591,-,0,2.0844,-0.052297064,0.999242838,0.000134436,1.417970344,0,1,958,300,300,300,10260.5,1.3,-0.0068437,-0.14,1999.99,1681.191501,0.840599954,0.191199907,6,0.5,0: Broadleaf,2,1682621956,395.4917742,399.8591935,25.0430129,23.85754194,404.0809677,25.66564516,600.4828065,101.3102581,0.113357677,30.18722903,31.02854839,999.9,0,0,10003.69097,0,320.9986452,1999.99,0.980003613,0.01999671,0,2.179309677,0,1781.676452,16305.99032,45.83841935,48.038,46.558,45.812,45.3,1959.996452,39.99677419,0,143.2,0,2.193408,0.093507672,-26.16384612,1781.1052,15,1682621945,11:59:04,1682621940,1682621945,32,-0.197,-0.08,-8.623,-0.673,400,24,1.14,0.1,-3.52022573,-14.10584142,1.656754649,0,2.191394118,-0.17402458,0.17714434,1,0.965830113,3.481498785,0.42747434,0,1,3,3-Jan,100,100,-8.588,-0.6163,-5.42236215,-0.007814304,-3.18E-07,6.48E-10,-0.781431386,-0.027428369,0.001386821,-3.01E-06,5,2011,2,27,0.4,0.3,2,634.32,355.539,25.9977,34.3688,30.0016,34.3207,34.3286,21.8762,4.71867,28.3231,26,400,24.3237,100.207,101.481
75,1682622003,10335,20230427 12:00:02,12:00:02,e3.galpar.2,56.0248944,1682621999,0.001371221,3.995411855,395.4007692,294.0048931,29.81886748,40.1027446,0.071314938,2.950565338,0.070371019,0.044065653,321.4391699,31.64716657,30.94351538,4.49686926,60.35971184,2.589624116,4.290318885,1.907245144,-60.47083137,-130.7293425,-9.903663375,120.3353327,0,0,1,0,52964.42153,RECT-1505-20210918-17_20_47,10288.4,812.936,2752.91,1939.974,0.704699391,-1,MPF-959-20230427-12_09_55,10259.2,2.162088,2.38059,0.09178481,0.5,1681.164138,3.995411855,77.15266522,1,0.0029714,1155.398204,-,0,2.38059,0.09178481,0.999135246,-0.000269571,1.417817667,0,1,959,300,300,300,10259.2,1.15,-0.00684291,-0.06,1999.956923,1681.164138,0.840600174,0.191200349,6,0.5,0: Broadleaf,2,1682621999,395.4007692,399.9370769,25.5329,24.19706923,403.9891538,26.13746923,600.1700769,101.31,0.113031308,30.12168462,30.94351538,999.9,0,0,9989.430769,0,336.8803077,1999.956923,0.979994923,0.020005377,0,2.236330769,0,1773.713846,16305.67692,46,48.12976923,46.69669231,45.96123077,45.437,1959.946154,40.01076923,0,37.39999986,0,2.162088,0.164815387,-9.008461561,1774.208,15,1682621945,11:59:04,1682621940,1682621945,32,-0.197,-0.08,-8.623,-0.673,400,24,1.14,0.1,-4.5726345,0.118425366,0.062528267,1,2.154220588,0.2375695,0.152471061,1,1.2996105,0.304325629,0.031699063,0,2,3,3-Feb,100,100,-8.588,-0.6042,-5.42236215,-0.007814304,-3.18E-07,6.48E-10,-0.781431386,-0.027428369,0.001386821,-3.01E-06,5,2011,2,27,1,1,2,634.965,356.25,25.9989,34.4762,30.0016,34.4091,34.4177,21.8855,2.72379,28.6988,26,400,24.2669,100.173,101.449
76,1682622038,10370.5,20230427 12:00:38,12:00:38,e3.galpar.2,52.56167515,1682622030,0.001457823,4.006989535,395.4283333,299.5355347,30.37975496,40.10547824,0.076234053,2.952770722,0.075157278,0.047068776,321.4493108,31.61522813,30.93520667,4.494738455,60.54332308,2.59621429,4.288192584,1.898524164,-64.28998839,-130.8794656,-9.906801149,116.3730557,0,0,1,0,53029.59848,RECT-1505-20210918-17_20_47,10288.4,812.936,2752.91,1939.974,0.704699391,-1,MPF-960-20230427-12_10_30,10258,2.145024,1.7552,-0.222096627,0.5,1681.21993,4.006989535,-186.696638,1,0.002978188,1567.430948,-,0,1.7552,-0.222096627,0.99936242,0.000480564,1.418140037,0,1,960,300,300,300,10258,1.22,-0.00684213,-0.37,2000.023667,1681.21993,0.840600018,0.191200036,6,0.5,0: Broadleaf,2,1682622030,395.4283333,400.0105,25.59791667,24.17781,404.0170667,26.20005667,600.1685667,101.3103,0.112574533,30.11304667,30.93520667,999.9,0,0,10001.91833,0,329.7431667,2000.023667,0.979998,0.020002267,0,2.127956667,0,1767.006,16306.23,46.25406667,48.3414,46.90393333,46.19966667,45.6082,1960.022,40.00166667,0,34.79999995,0,2.145024,-0.300799994,10.37999999,1767.1284,15,1682621945,11:59:04,1682621940,1682621945,32,-0.197,-0.08,-8.623,-0.673,400,24,1.14,0.1,-4.57551925,-0.14407666,0.030629094,1,2.154993939,0.113723908,0.165213366,1,1.4060155,0.342351445,0.0340211,0,2,3,3-Feb,100,100,-8.588,-0.604,-5.42236215,-0.007814304,-3.18E-07,6.48E-10,-0.781431386,-0.027428369,0.001386821,-3.01E-06,5,2011,2,27,1.6,1.6,2,634.945,356.183,26.0005,34.5832,30.0015,34.5003,34.5064,21.8826,4.41745,29.0819,26,400,23.9093,100.141,101.422
77,1682622409,10741,20230427 12:06:48,12:06:48,j2.hypgla.2,20.79803842,1682622401,0.004983096,6.396038623,391.7215484,346.7562227,35.16707816,39.72733987,0.307530859,2.951570854,0.290774016,0.183163169,321.4412232,30.877032,30.18490968,4.305910236,60.67420858,2.627294855,4.33016749,1.678615382,-219.7545479,15.58963885,1.177137769,118.453452,0,0,1,0,52965.13158,RECT-1505-20210918-17_20_47,10288.4,812.936,2752.91,1939.974,0.704699391,-1,MPF-961-20230427-12_16_41,10216.5,2.340623077,2.3648,0.010223665,0.5,1681.175835,6.396038623,8.593889304,1,0.004399325,1163.119587,-,0,2.3648,0.010223665,0.999140982,-2.98E-05,1.417825806,0,1,961,300,300,300,10216.5,1.57,-0.00681228,-0.8,1999.970968,1681.175835,0.84060012,0.19120024,6,0.5,0: Broadleaf,2,1682622401,391.7215484,400.0669677,25.9057871,21.05329677,400.2508387,26.43203871,600.1873226,101.3032258,0.11406929,30.28288065,30.18490968,999.9,0,0,9995.804839,0,442.4208387,1999.970968,0.979996677,0.020003323,0,2.314619355,0,9784.491935,16305.79032,47.84654839,50.17303226,48.625,47.93103226,47.06403226,1959.963548,40.00741935,0,369.4000001,0,2.340623077,-0.179596585,-1056.358292,9780.256923,15,1682622381,12:06:21,1682622370,1682622381,33,0.03,0.067,-8.595,-0.701,400,21,0.32,0.03,-8.34507825,0.278190732,0.155229828,1,2.328226471,0.032862451,0.221171907,1,4.687196,2.889986792,0.315840359,0,2,3,3-Feb,100,100,-8.529,-0.5313,-5.392058994,-0.007814304,-3.18E-07,6.48E-10,-0.714681322,-0.027428369,0.001386821,-3.01E-06,5,2011,2,27,0.7,0.5,2,635.437,356.612,26.0026,34.4793,29.9994,34.4925,34.4932,21.8161,27.2414,33.8323,26,400,20.7619,100.2,101.475
78,1682622447,10779,20230427 12:07:26,12:07:26,j2.hypgla.2,21.26899308,1682622439,0.004842761,6.257161787,391.7646774,345.953802,35.08580123,39.73182986,0.294191726,2.953120447,0.278825607,0.175579679,321.446524,30.95630384,30.16043548,4.299869033,59.85577281,2.598310832,4.340952777,1.701558201,-213.5657431,26.405008,1.992921942,136.2787108,0,0,1,0,53002.26399,RECT-1505-20210918-17_20_47,10288.4,812.936,2752.91,1939.974,0.704699391,-1,MPF-962-20230427-12_17_19,10215.5,2.26834,2.0844,-0.088246018,0.5,1681.205448,6.257161787,-74.17984316,1,0.004316642,1319.720591,-,0,2.0844,-0.088246018,0.999242838,0.000226848,1.417970344,0,1,962,300,300,300,10215.5,1.12,-0.00681082,-0.94,2000.006452,1681.205448,0.840600013,0.191200025,6,0.5,0: Broadleaf,2,1682622439,391.7646774,399.9162258,25.61992258,20.90287419,400.2943226,26.15698387,600.2087419,101.3035161,0.114074968,30.3262871,30.16043548,999.9,0,0,10004.57419,0,450.2356129,2000.006452,0.979999968,0.02,0,2.263306452,0,9288.58871,16306.10645,48.058,50.3546129,48.792,48.08841935,47.24993548,1960.005484,40.00096774,0,37.19999981,0,2.26834,0.801046161,-461.7884623,9281.612,15,1682622381,12:06:21,1682622370,1682622381,33,0.03,0.067,-8.595,-0.701,400,21,0.32,0.03,-8.1962425,0.940638124,0.094702694,0,2.237854545,0.255654143,0.180267944,1,4.772131,-1.103415084,0.114805225,0,1,3,3-Jan,100,100,-8.531,-0.5342,-5.392058994,-0.007814304,-3.18E-07,6.48E-10,-0.714681322,-0.027428369,0.001386821,-3.01E-06,5,2011,2,27,1.3,1.1,2,635.71,357.436,26.0019,34.4394,29.9992,34.4428,34.446,21.8226,24.5558,32.6955,26,400,21.1051,100.218,101.493
79,1682622486,10818.5,20230427 12:08:06,12:08:06,j2.hypgla.2,17.08963717,1682622478,0.004814139,5.008919869,393.0605161,354.1495872,35.91720752,39.86348322,0.293096911,2.951423381,0.277833482,0.174951019,321.4428143,31.01645787,30.16753871,4.30162163,59.80982183,2.604134959,4.354025609,1.697486671,-212.303548,33.6111855,2.539016317,145.2894682,0,0,1,0,52944.15633,RECT-1505-20210918-17_20_47,10288.4,812.936,2752.91,1939.974,0.704699391,-1,MPF-963-20230427-12_17_58,10215.8,2.187288462,1.7284,-0.265498994,0.5,1681.186181,5.008919869,-223.17662,1,0.003574214,1591.750521,-,0,1.7284,-0.265498994,0.999372155,0.000565686,1.418153852,0,1,963,300,300,300,10215.8,1.08,-0.0068119,-0.14,1999.983548,1681.186181,0.840600005,0.19120001,6,0.5,0: Broadleaf,2,1682622478,393.0605161,399.9595484,25.6772,20.98812581,401.6000323,26.21209355,600.1857419,101.304129,0.114053613,30.37877419,30.16753871,999.9,0,0,9994.87871,0,458.8246774,1999.983548,0.979999871,0.0200001,0,2.202325806,0,9100.706452,16305.93226,48.24187097,50.57622581,48.98780645,48.24187097,47.421,1959.983548,40,0,38.5,0,2.187288462,0.029500849,-121.9524786,9099.691923,15,1682622381,12:06:21,1682622370,1682622381,33,0.03,0.067,-8.595,-0.701,400,21,0.32,0.03,-7.00004675,2.743955009,0.266782641,0,2.194127273,0.182389714,0.162436248,1,4.71303725,-0.656957561,0.072298991,0,1,3,3-Jan,100,100,-8.543,-0.5348,-5.392058994,-0.007814304,-3.18E-07,6.48E-10,-0.714681322,-0.027428369,0.001386821,-3.01E-06,5,2011,2,27,1.9,1.8,2,634.844,357.838,26.0028,34.3934,29.9993,34.3885,34.3926,21.8303,23.3211,31.5634,26,400,21.204,100.237,101.513
80,1682622651,10983,20230427 12:10:50,12:10:50,j2.galpar.2,50.19765795,1682622643,0.001948024,4.900137012,394.3397,301.4784766,30.57563193,39.99352013,0.097616845,2.951739525,0.095858217,0.060066752,321.4471531,31.70659191,31.31607,4.593321224,60.00562115,2.605439083,4.341991688,1.987882141,-85.90783998,-156.8437099,-11.91144673,66.78415645,0,0,1,0,52961.71838,RECT-1505-20210918-17_20_47,10288.4,812.936,2752.91,1939.974,0.704699391,-1,MPF-964-20230427-12_20_43,10181.2,2.171284,1.462,-0.485146375,0.5,1681.21123,4.900137012,-407.8167668,1,0.003509456,1881.975376,-,0,1.462,-0.485146375,0.999468926,0.000874069,1.418291173,0,1,964,300,300,300,10181.2,1.42,-0.00678936,-0.26,2000.013667,1681.21123,0.840599871,0.191199742,6,0.5,0: Broadleaf,2,1682622643,394.3397,400.0064,25.68986333,23.79242667,402.8782333,26.29098333,600.1715333,101.3046333,0.114321267,30.33046333,31.31607,999.9,0,0,9996.623333,0,243.2751,2000.013667,0.9800029,0.01999707,0,2.154166667,0,2521.055333,16306.18333,48.812,51.4496,49.64153333,48.9454,47.9958,1960.022,39.99166667,0,163.4000001,0,2.171284,0.191792323,-146.2730769,2520.31,15,1682622629,12:10:28,1682622629,1682622627,34,0.011,-0.069,-8.583,-0.677,400,24,0.89,0.08,-5.0230556,-9.949677411,1.438849443,0,2.201088235,-0.378307835,0.211507534,1,1.654993503,4.117610635,0.501606579,0,1,3,3-Jan,100,100,-8.538,-0.6016,-5.381035458,-0.007814304,-3.18E-07,6.48E-10,-0.783984672,-0.027428369,0.001386821,-3.01E-06,5,2011,2,27,0.4,0.4,2,629.601,356.593,26.0042,34.4684,30.0013,34.4384,34.4519,21.9004,12.9234,29.6952,26,400,23.5908,100.242,101.51
81,1682622687,11019.6,20230427 12:11:27,12:11:27,j2.galpar.2,52.53315492,1682622679,0.001894979,4.942961619,394.280129,297.6369213,30.1856838,39.98702598,0.094092229,2.951011127,0.092456761,0.057930048,321.4433338,31.7890164,31.39367742,4.613638469,59.85250769,2.609012667,4.359069934,2.004625802,-83.56856552,-158.249656,-12.02986299,67.59524922,0,0,1,0,52928.71902,RECT-1505-20210918-17_20_47,10288.4,812.936,2752.91,1939.974,0.704699391,-1,MPF-965-20230427-12_21_19,10180,2.145273077,1.6516,-0.298905956,0.5,1681.191571,4.942961619,-251.2590869,1,0.00353497,1665.813999,-,0,1.6516,-0.298905956,0.999400053,0.000608508,1.41819344,0,1,965,300,300,300,10180,0.81,-0.00678849,-0.77,1999.990323,1681.191571,0.840599853,0.191199706,6,0.5,0: Broadleaf,2,1682622679,394.280129,399.9685806,25.72539032,23.8797,402.8181613,26.32516129,600.1753548,101.3030968,0.114710097,30.39899032,31.39367742,999.9,0,0,9992.640968,0,232.7704839,1999.990323,0.980005581,0.019994319,0,2.143503226,0,2451.703871,16305.99355,49.01,51.63493548,49.80603226,49.10874194,48.171,1960.000323,39.99,0,35.79999995,0,2.145273077,0.068933326,-47.52205135,2450.651538,15,1682622629,12:10:28,1682622629,1682622627,34,0.011,-0.069,-8.583,-0.677,400,24,0.89,0.08,-5.680198537,-0.234912544,0.044118021,1,2.157963636,-0.287208992,0.188742733,1,1.868312195,-0.352613728,0.045074675,0,2,3,3-Feb,100,100,-8.538,-0.5969,-5.381035458,-0.007814304,-3.18E-07,6.48E-10,-0.783984672,-0.027428369,0.001386821,-3.01E-06,5,2011,2,27,1,1,2,630.896,356.03,26.0007,34.5651,30.0013,34.5057,34.5178,21.9067,12.3077,29.6952,26,400,23.9107,100.229,101.496
82,1682622724,11056.1,20230427 12:12:03,12:12:03,j2.galpar.2,51.33416098,1682622716,0.001979206,5.01179637,394.1925667,299.3426025,30.35925542,39.97891618,0.097630823,2.95134919,0.095871468,0.060075098,321.4476786,31.82539837,31.47596667,4.635266836,59.82144975,2.616372584,4.373636204,2.018894252,-87.28298376,-162.0906747,-12.32899002,59.74503008,0,0,1,0,52928.34287,RECT-1505-20210918-17_20_47,10288.4,812.936,2752.91,1939.974,0.704699391,-1,MPF-966-20230427-12_21_56,10178.9,2.233734615,1.83385,-0.218057429,0.5,1681.20824,5.01179637,-183.2999729,1,0.003575878,1500.164217,-,0,1.83385,-0.218057429,0.99933385,0.000493014,1.418099495,0,1,966,300,300,300,10178.9,1.11,-0.00678756,0.04,2000.009333,1681.20824,0.840600197,0.191200394,6,0.5,0: Broadleaf,2,1682622716,394.1925667,399.9828667,25.79746333,23.86987667,402.7299667,26.39451,600.1745667,101.3049667,0.114795033,30.45725333,31.47596667,999.9,0,0,9994.375,0,254.6509667,2000.009333,0.979994667,0.020005183,0,2.232556667,0,2442.323333,16306.1,49.208,51.833,49.9832,49.312,48.3624,1959.996,40.01333333,0,35.79999995,0,2.233734615,-0.551408552,-43.75418806,2442.048077,15,1682622629,12:10:28,1682622629,1682622627,34,0.011,-0.069,-8.583,-0.677,400,24,0.89,0.08,-5.792770732,-0.000135261,0.052353399,1,2.203314706,0.222746851,0.167168851,1,1.944603659,-0.278900279,0.028907813,0,2,3,3-Feb,100,100,-8.538,-0.5975,-5.381035458,-0.007814304,-3.18E-07,6.48E-10,-0.783984672,-0.027428369,0.001386821,-3.01E-06,5,2011,2,27,1.6,1.6,2,631.818,354.752,26.002,34.667,30.0014,34.5826,34.5931,21.9124,12.3077,29.3239,26,400,23.9845,100.208,101.479
83,1682623151,11483.6,20230427 12:19:11,12:19:11,g7.galpar.2,35.88916888,1682623143,0.002143091,3.810260123,395.3749355,325.1367001,32.97047534,40.09298106,0.10616741,2.951174342,0.104090344,0.065239697,321.445396,32.08310402,31.7202129,4.699983725,60.41867232,2.688238397,4.449350331,2.011745328,-94.51031973,-153.1865928,-11.68374361,62.06473985,0,0,1,0,52870.74595,RECT-1505-20210918-17_20_47,10288.4,812.936,2752.91,1939.974,0.704699391,-1,MPF-967-20230427-12_29_03,10212.8,2.201324,1.4708,-0.496684797,0.5,1681.202168,3.810260123,-417.513779,1,0.002861203,1870.709274,-,0,1.4708,-0.496684797,0.999465729,0.000900253,1.418286637,0,1,967,300,300,300,10212.8,0.77,-0.00681116,-0.11,2000.002903,1681.202168,0.840599864,0.191199727,6,0.5,0: Broadleaf,2,1682623143,395.3749355,400.031129,26.50992903,24.42427419,403.9945484,27.10719355,600.1792581,101.2926774,0.112286484,30.75740323,31.7202129,999.9,0,0,9994.595161,0,400.0746452,2000.002903,0.980003452,0.019996448,0,2.185677419,0,1764.232258,16306.10323,47.45732258,49.812,48.155,47.75,46.812,1960.011935,39.99096774,0,426.8,0,2.201324,0.567546169,-68.91923078,1763.1328,15,1682623128,12:18:47,1682623128,1682623128,35,-0.073,-0.029,-8.656,-0.684,400,24,0.43,0.06,-4.395047073,-4.133722997,0.673696643,0,2.179212121,0.093173413,0.171730611,1,1.96558678,2.331081742,0.297467497,0,1,3,3-Jan,100,100,-8.619,-0.5984,-5.45361828,-0.007814304,-3.18E-07,6.48E-10,-0.812931878,-0.027428369,0.001386821,-3.01E-06,5,2011,2,27,0.4,0.4,2,630.192,359.2,25.9976,34.5573,29.9994,34.5078,34.5044,21.88,21.3249,34.1269,26,400,24.172,100.197,101.478
84,1682623185,11517.1,20230427 12:19:44,12:19:44,g7.galpar.2,35.6072185,1682623177,0.002128348,3.715244579,395.4383448,325.5470554,33.01207993,40.09940201,0.104339646,2.951812022,0.102333178,0.064135295,321.4497957,32.10734886,31.7299069,4.702568451,59.94223791,2.670196304,4.454615639,2.032372147,-93.86014726,-151.4670851,-11.55182942,64.57073395,0,0,1,0,52885.5048,RECT-1505-20210918-17_20_47,10288.4,812.936,2752.91,1939.974,0.704699391,-1,MPF-968-20230427-12_29_37,10212.9,2.171492,1.5064,-0.441510887,0.5,1681.22549,3.715244579,-371.1396785,1,0.002804647,1826.476102,-,0,1.5064,-0.441510887,0.999452797,0.000819655,1.418268286,0,1,968,300,300,300,10212.9,1.33,-0.00681126,-0.14,2000.03069,1681.22549,0.840599846,0.191199692,6,0.5,0: Broadleaf,2,1682623177,395.4383448,399.9937241,26.33201379,24.26038966,404.0587241,26.93627931,600.197,101.2925517,0.112389241,30.77811034,31.7299069,999.9,0,0,9998.227241,0,404.0874483,2000.03069,0.980004172,0.019995728,0,2.191865517,0,1727.332759,16306.32414,47.5,49.83372414,48.18058621,47.75,46.812,1960.040345,39.99034483,0,32.79999995,0,2.171492,-0.475384613,-50.25384615,1726.922,15,1682623128,12:18:47,1682623128,1682623128,35,-0.073,-0.029,-8.656,-0.684,400,24,0.43,0.06,-4.570248049,0.314551568,0.040176477,1,2.169817647,0.194264582,0.200469469,1,2.103721463,-0.576213449,0.062471836,0,2,3,3-Feb,100,100,-8.62,-0.6039,-5.45361828,-0.007814304,-3.18E-07,6.48E-10,-0.812931878,-0.027428369,0.001386821,-3.01E-06,5,2011,2,27,0.9,0.9,2,630.811,359.701,26.0006,34.531,29.9997,34.4809,34.4845,21.874,20.7421,33.7543,26,400,24.4823,100.208,101.488
85,1682623220,11552.1,20230427 12:20:19,12:20:19,g7.galpar.2,38.07320716,1682623212,0.002002907,3.745307091,395.4421667,321.6940407,32.62128642,40.09969272,0.0983712,2.950709816,0.096584944,0.060523376,321.4500574,32.17540532,31.74679,4.707072977,60.05951812,2.680820063,4.463605682,2.026252914,-88.3281895,-148.4797863,-11.33114317,73.31093845,0,0,1,0,52847.62274,RECT-1505-20210918-17_20_47,10288.4,812.936,2752.91,1939.974,0.704699391,-1,MPF-969-20230427-12_30_12,10212.7,2.197730769,2.2936,0.041798583,0.5,1681.22687,3.745307091,35.13645073,1,0.002822526,1199.257238,-,0,2.2936,0.041798583,0.999166845,-0.000118263,1.417862507,0,1,969,300,300,300,10212.7,1.29,-0.00681126,-0.81,2000.032333,1681.22687,0.840599845,0.191199691,6,0.5,0: Broadleaf,2,1682623212,395.4421667,399.9781667,26.43684333,24.48746333,404.0624667,27.03698667,600.1773667,101.2926667,0.1120294,30.81341667,31.74679,999.9,0,0,9991.96,0,404.0350667,2000.032333,0.9800051,0.0199948,0,2.18502,0,1700.409,16306.35667,47.562,49.89153333,48.2332,47.8351,46.875,1960.042,39.99033333,0,34.4000001,0,2.197730769,0.485517948,-33.88136752,1700.058846,15,1682623128,12:18:47,1682623128,1682623128,35,-0.073,-0.029,-8.656,-0.684,400,24,0.43,0.06,-4.539683171,0.058576725,0.026179797,1,2.225958824,-0.233248178,0.1979743,1,1.971643659,-0.393072544,0.039852335,0,2,3,3-Feb,100,100,-8.62,-0.5997,-5.45361828,-0.007814304,-3.18E-07,6.48E-10,-0.812931878,-0.027428369,0.001386821,-3.01E-06,5,2011,2,27,1.5,1.5,2,630.636,359.736,26.0063,34.5247,30.0003,34.4725,34.4784,21.8783,20.7421,33.0102,26,400,24.4669,100.212,101.488
86,1682623503,11835.6,20230427 12:25:03,12:25:03,g5.galpar.2,39.72751305,1682623495,0.001295792,2.818466314,396.6716667,321.7642046,32.62711193,40.22278016,0.070944947,2.952441967,0.070011313,0.04383993,321.4485553,32.44347557,31.02447333,4.517677359,60.36376698,2.707786751,4.485781598,1.809890607,-57.14441197,-19.77394394,-1.50342778,243.0267716,0,0,1,0,52882.31948,RECT-1505-20210918-17_20_47,10288.4,812.936,2752.91,1939.974,0.704699391,-1,MPF-970-20230427-12_34_56,10216.2,2.156016,2.32536,0.072824853,0.5,1681.21374,2.818466314,61.21707168,1,0.002271256,1182.864004,-,0,2.32536,0.072824853,0.999155308,-0.000208909,1.417846136,0,1,970,300,300,300,10216.2,0.9,-0.00681345,-0.05,2000.016,1681.21374,0.840600145,0.19120029,6,0.5,0: Broadleaf,2,1682623495,396.6716667,400.0031,26.70383,25.44303333,405.3297,27.32368333,600.1867333,101.2893,0.111388633,30.90024333,31.02447333,999.9,0,0,10002.125,0,426.6565333,2000.016,0.9799968,0.0200032,0,2.171466667,0,2268.121667,16306.16333,47.437,49.91633333,48.17873333,47.75,46.812,1960.006,40.01,0,282.4000001,0,2.156016,0.108000006,-110.123846,2267.406,15,1682623481,12:24:41,1682623479,1682623481,36,-0.028,-0.032,-8.684,-0.669,400,25,0.48,0.17,-2.946194095,-5.699899882,0.858775558,0,2.18589697,-0.285601623,0.178271882,1,1.113386876,2.339949324,0.320995392,0,1,3,3-Jan,100,100,-8.658,-0.6205,-5.481445806,-0.007814304,-3.18E-07,6.48E-10,-0.844489127,-0.027428369,0.001386821,-3.01E-06,5,2011,2,27,0.4,0.4,2,628.769,357.038,26.0005,34.7428,30.0008,34.6305,34.635,21.8766,18.3871,31.7135,26,400,25.3148,100.165,101.447
87,1682623542,11874.1,20230427 12:25:41,12:25:41,g5.galpar.2,39.73853338,1682623534,0.001313699,2.81898691,396.6538333,321.5835281,32.60909636,40.22134825,0.070938373,2.951286048,0.070004551,0.04383572,321.4488971,32.45696099,31.03645333,4.520763613,59.8066773,2.685485141,4.49027644,1.835278472,-57.93414193,-18.8794306,-1.436188752,243.1991358,0,0,1,0,52846.00112,RECT-1505-20210918-17_20_47,10288.4,812.936,2752.91,1939.974,0.704699391,-1,MPF-971-20230427-12_35_34,10216.2,2.203242308,1.9588,-0.124791866,0.5,1681.21669,2.81898691,-104.9010842,1,0.002271561,1404.406371,-,0,1.9588,-0.124791866,0.999288462,0.000301417,1.418035087,0,1,971,300,300,300,10216.2,1.28,-0.00681347,-0.95,2000.019667,1681.21669,0.840600079,0.191200158,6,0.5,0: Broadleaf,2,1682623534,396.6538333,399.9929,26.48364667,25.20512333,405.3116,27.11225,600.1804333,101.2899667,0.1116709,30.91779667,31.03645333,999.9,0,0,9995.496667,0,431.3283,2000.019667,0.9799975,0.0200025,0,2.178463333,0,2219.454,16306.20333,47.4811,49.937,48.17666667,47.75,46.8603,1960.014,40.00566667,0,37.79999995,0,2.203242308,0.02663589,-36.60444447,2219.198462,15,1682623481,12:24:41,1682623479,1682623481,36,-0.028,-0.032,-8.684,-0.669,400,25,0.48,0.17,-3.33361878,-0.169810244,0.057369562,1,2.210820588,-0.311743872,0.180709311,1,1.311310732,-0.527198049,0.057170523,0,2,3,3-Feb,100,100,-8.658,-0.6284,-5.481445806,-0.007814304,-3.18E-07,6.48E-10,-0.844489127,-0.027428369,0.001386821,-3.01E-06,5,2011,2,27,1.1,1,2,630.003,357.064,26.0006,34.8046,30.0009,34.6819,34.6884,21.8763,17.8204,31.3374,26,400,25.3238,100.156,101.435
88,1682623580,11912.6,20230427 12:26:20,12:26:20,g5.galpar.2,43.49473204,1682623572,0.001228915,2.893464241,396.6005333,315.6256599,32.00525353,40.21631393,0.066524476,2.953570981,0.065703147,0.041137415,321.4415939,32.49224586,31.06869667,4.529079175,60.0808267,2.700047284,4.494024854,1.82903189,-54.1951518,-21.69920061,-1.649797735,243.8974437,0,0,1,0,52909.26668,RECT-1505-20210918-17_20_47,10288.4,812.936,2752.91,1939.974,0.704699391,-1,MPF-972-20230427-12_36_12,10216,2.17074,1.55685,-0.394315445,0.5,1681.17958,2.893464241,-331.4575368,1,0.002315912,1767.256415,-,0,1.55685,-0.394315445,0.999434471,0.000756601,1.418242281,0,1,972,300,300,300,10216,1.12,-0.00681305,-0.32,1999.975667,1681.17958,0.840600017,0.191200035,6,0.5,0: Broadleaf,2,1682623572,396.6005333,399.9802667,26.62701,25.43121333,405.2579,27.24993333,600.1987,101.2909667,0.1116048,30.93242333,31.06869667,999.9,0,0,10008.373,0,431.5334333,1999.975667,0.9799975,0.0200025,0,2.18423,0,2202.655,16305.85,47.50413333,49.92873333,48.187,47.75,46.875,1959.975,40.00066667,0,37.5999999,0,2.17074,0.019761543,-13.20692311,2202.5724,15,1682623481,12:24:41,1682623479,1682623481,36,-0.028,-0.032,-8.684,-0.669,400,25,0.48,0.17,-3.368079024,-0.191443902,0.079601611,1,2.193136364,-0.346758972,0.151256326,1,1.185927561,0.137629338,0.019712564,0,2,3,3-Feb,100,100,-8.657,-0.6212,-5.481445806,-0.007814304,-3.18E-07,6.48E-10,-0.844489127,-0.027428369,0.001386821,-3.01E-06,5,2011,2,27,1.7,1.6,2,630.055,357.194,26,34.8733,30.001,34.7424,34.7486,21.8896,16.2707,30.9619,26,400,25.4778,100.138,101.421
89,1682623921,12253.6,20230427 12:32:01,12:32:01,b4.galpar.2,41.66824673,1682623913,0.000713665,1.656073861,397.9970645,320.5139436,32.50047826,40.35735481,0.039744266,2.954550098,0.039449623,0.024682305,321.4446088,31.53803683,30.24899677,4.321764532,60.37755829,2.549515373,4.222620864,1.772249159,-31.47263323,-64.38019896,-4.84732258,220.744454,0,0,1,0,53127.47842,RECT-1505-20210918-17_20_47,10288.4,812.936,2752.91,1939.974,0.704699391,-1,MPF-973-20230427-12_41_53,10214.9,2.296346154,2.0108,-0.142006243,0.5,1681.193226,1.656073861,-119.3699671,1,0.001579874,1368.062065,-,0,2.0108,-0.142006243,0.999269573,0.000352124,1.418008283,0,1,973,300,300,300,10214.9,1.35,-0.00681259,-0.21,1999.991613,1681.193226,0.840600138,0.191200276,6,0.5,0: Broadleaf,2,1682623913,397.9970645,399.9352258,25.14286774,24.44784516,406.6363548,25.80529032,600.6034194,101.2861613,0.114975581,29.84481613,30.24899677,999.9,0,0,10014.41161,0,56.96100968,1999.991613,0.979996677,0.020003323,0,2.275922581,0,1951.422581,16305.96129,46.08435484,47.9816129,46.73374194,46.401,45.631,1959.982581,40.00903226,0,340.3999999,0,2.296346154,0.196916242,-205.5791455,1948.919615,15,1682623905,12:31:44,1682623897,1682623905,38,-0.044,0.034,-8.654,-0.687,400,24,0.74,0.15,-1.456768583,-10.50666102,1.123431812,0,2.314176471,-0.298294602,0.17683499,1,0.51741069,3.667009344,0.393164646,0,1,3,3-Jan,100,100,-8.635,-0.6555,-5.452789374,-0.007814304,-3.18E-07,6.48E-10,-0.825482962,-0.027428369,0.001386821,-3.01E-06,5,2011,2,27,0.4,0.3,2,629.51,356.785,25.9953,34.7706,29.9987,34.7613,34.7573,21.9052,16.7211,31.2238,26,400,24.22,100.152,101.427
90,1682623958,12290.6,20230427 12:32:38,12:32:38,b4.galpar.2,43.08617539,1682623950,0.000886933,2.14483581,397.4938387,317.727142,32.21698271,40.3051878,0.049780139,2.952157675,0.04931847,0.030865166,321.4434659,31.37500411,30.1307129,4.292542252,60.33849846,2.530368001,4.193621098,1.762174251,-39.11374469,-64.56731612,-4.859619713,212.9027853,0,0,1,0,53079.33619,RECT-1505-20210918-17_20_47,10288.4,812.936,2752.91,1939.974,0.704699391,-1,MPF-974-20230427-12_42_30,10213.8,2.189904,1.4488,-0.511529542,0.5,1681.189694,2.14483581,-429.9890968,1,0.001870601,1899.131143,-,0,1.4488,-0.511529542,0.999473721,0.000913266,1.418297977,0,1,974,300,300,300,10213.8,1.15,-0.00681198,-0.49,1999.987742,1681.189694,0.840599999,0.191199998,6,0.5,0: Broadleaf,2,1682623950,397.4938387,399.9903871,24.95474516,24.09023548,406.1292903,25.62308065,600.2013548,101.2864516,0.111818935,29.72502903,30.1307129,999.9,0,0,10000.79194,0,57.83758387,1999.987742,0.980002,0.0199979,0,2.175345161,0,1860.662903,16305.96774,46.23374194,48.052,46.84858065,46.52,45.69106452,1959.987742,39.99967742,0,36.39999986,0,2.189904,-0.580169233,-95.046154,1858.9404,15,1682623905,12:31:44,1682623897,1682623905,38,-0.044,0.034,-8.654,-0.687,400,24,0.74,0.15,-2.493644146,-0.089908641,0.03104512,1,2.185767647,-0.275800927,0.18993075,1,0.873703634,-0.188968704,0.022614127,0,2,3,3-Feb,100,100,-8.635,-0.6697,-5.452789374,-0.007814304,-3.18E-07,6.48E-10,-0.825482962,-0.027428369,0.001386821,-3.01E-06,5,2011,2,27,1,0.9,2,631.472,357.729,25.9961,34.6473,29.9988,34.6827,34.684,21.9051,15.8586,30.8469,26,400,24.1014,100.171,101.445
91,1682623993,12325.6,20230427 12:33:13,12:33:13,b4.galpar.2,49.15530501,1682623985,0.000808173,2.226418583,397.4328333,308.0665079,31.23703218,40.2985131,0.045293556,2.951590616,0.044910938,0.028103444,321.4421838,31.30981383,30.05814,4.274698325,60.17611591,2.511111566,4.172937265,1.763586759,-35.64044722,-66.67226697,-5.015074876,214.1143948,0,0,1,0,53077.98312,RECT-1505-20210918-17_20_47,10288.4,812.936,2752.91,1939.974,0.704699391,-1,MPF-975-20230427-12_43_05,10212.9,2.196661538,1.7288,-0.270627914,0.5,1681.18543,2.226418583,-227.4878533,1,0.001919133,1591.381999,-,0,1.7288,-0.270627914,0.99937201,0.000576747,1.418153645,0,1,975,300,300,300,10212.9,1.18,-0.00681133,-0.29,1999.983,1681.18543,0.84059986,0.19119972,6,0.5,0: Broadleaf,2,1682623985,397.4328333,399.9795667,24.76513667,23.97725,406.0678,25.44031667,600.2073,101.2854667,0.111573833,29.63915,30.05814,999.9,0,0,9997.669667,0,57.03549333,1999.983,0.980004,0.0199959,0,2.202366667,0,1814.721333,16305.93333,46.37913333,48.125,46.9706,46.62913333,45.7996,1959.992667,39.99033333,0,34.19999981,0,2.196661538,0.092266661,-57.32478632,1814.451154,15,1682623905,12:31:44,1682623897,1682623905,38,-0.044,0.034,-8.654,-0.687,400,24,0.74,0.15,-2.534613171,-0.160047596,0.027521807,1,2.198573529,-0.086244294,0.203191851,1,0.804004073,-0.314542662,0.035710693,0,2,3,3-Feb,100,100,-8.635,-0.6761,-5.452789374,-0.007814304,-3.18E-07,6.48E-10,-0.825482962,-0.027428369,0.001386821,-3.01E-06,5,2011,2,27,1.6,1.5,2,631.37,358.199,25.9973,34.5341,29.9991,34.6096,34.6177,21.9069,15.0039,30.4745,26,400,24.0695,100.183,101.46
92,1682624318,12650,20230427 12:38:37,12:38:37,f1.galpar.1,27.21966767,1682624310,0.002704897,4.08874249,394.8214839,339.3850823,34.41043216,40.0311581,0.1502128,2.95095688,0.146090573,0.091667551,321.4465542,31.15326172,30.49441935,4.382950178,60.42211087,2.570051643,4.253495296,1.812898535,-119.2859718,-83.18252858,-6.282176459,112.6958773,0,0,1,0,53001.22798,RECT-1505-20210918-17_20_47,10288.4,812.936,2752.91,1939.974,0.704699391,-1,MPF-976-20230427-12_48_30,10228.9,2.185796154,1.6476,-0.326654621,0.5,1681.205951,4.08874249,-274.5868466,1,0.003026841,1669.860646,-,0,1.6476,-0.326654621,0.999401506,0.000663385,1.418195502,0,1,976,300,300,300,10228.9,1.31,-0.00682223,-0.61,2000.007097,1681.205951,0.840599993,0.191199986,6,0.5,0: Broadleaf,2,1682624310,394.8214839,399.9765161,25.34804516,22.71256129,403.4404194,25.94107742,600.1934194,101.275129,0.115397419,29.97156129,30.49441935,999.9,0,0,9995.092581,0,217.3346774,2000.007097,0.980002032,0.019998335,0,2.190251613,0,1858.436452,16306.11613,47.44106452,49.137,48.09045161,47.508,46.657,1960.007742,39.99967742,0,323.5999999,0,2.185796154,0.091641029,-95.47931612,1857.710385,15,1682624293,12:38:13,1682624293,1682624287,39,-0.004,0.063,-8.659,-0.697,400,22,0.56,0.05,-4.996014146,-2.582929862,0.419182339,0,2.199564706,-0.31562245,0.181368758,1,2.525480488,2.445006447,0.264104338,0,1,3,3-Jan,100,100,-8.619,-0.594,-5.457080543,-0.007814304,-3.18E-07,6.48E-10,-0.762293137,-0.027428369,0.001386821,-3.01E-06,5,2011,2,27,0.4,0.5,2,632.075,358.362,26.0018,34.1175,30.0002,34.1849,34.1988,21.9193,17.0558,30.5352,26,400,22.4609,100.229,101.514
93,1682624356,12688.5,20230427 12:39:16,12:39:16,f1.galpar.2,27.0834197,1682624348,0.002722074,4.020376074,394.8554667,339.4572482,34.4167114,40.0333966,0.148444182,2.950529149,0.144416486,0.090613074,321.4451918,31.22107108,30.56271667,4.40011086,59.81107978,2.55462526,4.271157233,1.8454856,-120.0434652,-82.55836405,-6.240274901,112.6030877,0,0,1,0,52976.19175,RECT-1505-20210918-17_20_47,10288.4,812.936,2752.91,1939.974,0.704699391,-1,MPF-977-20230427-12_49_09,10227.9,2.280348,1.45,-0.572653793,0.5,1681.1971,4.020376074,-481.3719481,1,0.002986191,1897.558621,-,0,1.45,-0.572653793,0.999473285,0.001023244,1.418297359,0,1,977,300,300,300,10227.9,1.02,-0.00682118,-0.26,1999.996333,1681.1971,0.840600091,0.191200182,6,0.5,0: Broadleaf,2,1682624348,394.8554667,399.9491,25.19665667,22.54398667,403.4746333,25.79527333,600.1847667,101.2717333,0.1157362,30.04370667,30.56271667,999.9,0,0,9993,0,216.3785,1999.996333,0.979995467,0.020004813,0,2.26808,0,1804.842667,16306.00333,47.67876667,49.26446667,48.26446667,47.65186667,46.8519,1959.990333,40.006,0,37.79999995,0,2.280348,1.365761543,-44.72538461,1804.2604,15,1682624293,12:38:13,1682624293,1682624287,39,-0.004,0.063,-8.659,-0.697,400,22,0.56,0.05,-5.08443,-0.11679242,0.030178598,1,2.256344118,0.216646661,0.231590756,1,2.6838765,-0.633877824,0.064784476,0,2,3,3-Feb,100,100,-8.62,-0.5965,-5.457080543,-0.007814304,-3.18E-07,6.48E-10,-0.762293137,-0.027428369,0.001386821,-3.01E-06,5,2011,2,27,1,1.1,2,632.35,358.931,26.0022,34.1463,30.0006,34.1884,34.2071,21.9256,15.5629,30.1646,26,400,22.6953,100.226,101.511
94,1682624395,12727.5,20230427 12:39:55,12:39:55,f1.galpar.2,27.1743294,1682624387,0.002710078,3.976449166,394.9415667,339.3040816,34.40141936,40.04240207,0.146331087,2.950899216,0.142416092,0.08935308,321.4418521,31.29661698,30.65088667,4.422351387,59.67423364,2.55943515,4.289012182,1.862916237,-119.514439,-85.03459646,-6.431751555,110.4610651,0,0,1,0,52974.19051,RECT-1505-20210918-17_20_47,10288.4,812.936,2752.91,1939.974,0.704699391,-1,MPF-978-20230427-12_49_48,10227.2,2.238365385,1.4376,-0.557015432,0.5,1681.17846,3.976449166,-468.2211728,1,0.002960096,1913.934613,-,0,1.4376,-0.557015432,0.999477789,0.000986774,1.41830375,0,1,978,300,300,300,10227.2,0.97,-0.0068208,-0.4,1999.974,1681.17846,0.840600158,0.191200316,6,0.5,0: Broadleaf,2,1682624387,394.9415667,399.9866667,25.24392333,22.60313333,403.5616333,25.84080333,600.1988,101.2727,0.1154684,30.11637667,30.65088667,999.9,0,0,9995.005,0,217.2875,1999.974,0.9799947,0.020005577,0,2.24208,0,1773.468333,16305.80667,47.88946667,49.406,48.4517,47.80993333,47.05166667,1959.964,40.01,0,38,0,2.238365385,0.387046144,-31.78427345,1773.349615,15,1682624293,12:38:13,1682624293,1682624287,39,-0.004,0.063,-8.659,-0.697,400,22,0.56,0.05,-5.070424,0.572308818,0.074191038,0,2.222754286,0.377934247,0.196396532,1,2.64604775,-0.126295722,0.036871165,0,1,3,3-Jan,100,100,-8.619,-0.5978,-5.457080543,-0.007814304,-3.18E-07,6.48E-10,-0.762293137,-0.027428369,0.001386821,-3.01E-06,5,2011,2,27,1.7,1.8,2,632.61,358.908,26.0015,34.2077,30.001,34.2249,34.2457,21.9322,14.3745,29.7865,26,400,22.7908,100.211,101.5
95,1682624706,13038.5,20230427 12:45:06,12:45:06,a1.galpar.2,39.67335923,1682624698,0.000611353,1.233089375,398.5048667,323.2944323,32.77585431,40.40074974,0.031081043,2.949053579,0.030900201,0.019328786,321.4431227,32.01702073,31.03709333,4.520928539,59.66593576,2.585433246,4.333181425,1.935495294,-26.96065523,-117.9817766,-8.954325438,167.5463654,0,0,1,0,52889.63245,RECT-1505-20210918-17_20_47,10288.4,812.936,2752.91,1939.974,0.704699391,-1,MPF-979-20230427-12_54_59,10213,2.191184615,1.8144,-0.207663478,0.5,1681.19046,1.233089375,-174.5609295,1,0.001328279,1516.256393,-,0,1.8144,-0.207663478,0.999340916,0.000464523,1.418109521,0,1,979,300,300,300,10213,1.45,-0.00681099,-0.55,1999.989,1681.19046,0.840599853,0.191199707,6,0.5,0: Broadleaf,2,1682624698,398.5048667,399.9800333,25.50219333,24.90705667,407.1140333,26.14210667,600.6303333,101.2662,0.114618967,30.29502,31.03709333,999.9,0,0,9985.173667,0,397.2105,1999.989,0.9800051,0.0199948,0,2.188523333,0,2106.682667,16305.99,48.625,50.5746,49.375,48.7248,47.8288,1959.999,39.99,0,310.2,0,2.191184615,-0.299801712,-150.1579489,2105.961538,15,1682624690,12:44:50,1682624688,1682624690,40,0.038,-0.057,-8.621,-0.669,400,25,0.57,0.18,-1.074470695,-7.779330579,0.817662545,0,2.218627273,-0.226357212,0.173185949,1,0.441797385,2.925457099,0.308652594,0,1,3,3-Jan,100,100,-8.605,-0.6327,-5.4188017,-0.007814304,-3.18E-07,6.48E-10,-0.818959659,-0.027428369,0.001386821,-3.01E-06,5,2011,2,27,0.3,0.3,2,629.873,362.38,25.9996,34.4734,30.0006,34.4394,34.4515,21.9801,15.5544,38.1729,26,400,24.836,100.188,101.478
96,1682624746,13078,20230427 12:45:45,12:45:45,a1.galpar.2,31.3280783,1682624738,0.000922899,1.484415053,398.139129,336.1032611,34.0729513,40.3619266,0.047382895,2.950722775,0.046964218,0.029389944,321.4450842,31.91696209,31.01646129,4.515614343,59.91241948,2.593304766,4.328492804,1.922309577,-40.69982755,-117.7710733,-8.931533757,154.0426496,0,0,1,0,52941.03399,RECT-1505-20210918-17_20_47,10288.4,812.936,2752.91,1939.974,0.704699391,-1,MPF-980-20230427-12_55_38,10212.3,2.262861538,1.55105,-0.458922368,0.5,1681.200784,1.484415053,-385.7703222,1,0.001477762,1773.868637,-,0,1.55105,-0.458922368,0.999436578,0.00087728,1.41824527,0,1,980,300,300,300,10212.3,0.94,-0.00681007,-0.07,2000.00129,1681.200784,0.84059985,0.191199699,6,0.5,0: Broadleaf,2,1682624738,398.139129,399.9903226,25.58094194,24.68197419,406.7454194,26.21984516,600.2150645,101.2650645,0.111373161,30.27613226,31.01646129,999.9,0,0,9994.757097,0,393.3026452,2000.00129,0.980006548,0.019993352,0,2.260874194,0,2031.451935,16306.1129,48.75,50.71341935,49.48780645,48.8506129,47.937,1960.01129,39.99,0,38.5,0,2.262861538,0.713593152,-49.48239309,2031.004615,15,1682624690,12:44:50,1682624688,1682624690,40,0.038,-0.057,-8.621,-0.669,400,25,0.57,0.18,-1.844803,-0.102234371,0.032673588,1,2.263336364,0.332371194,0.166752662,1,0.902427525,-0.483540687,0.068317265,0,2,3,3-Feb,100,100,-8.606,-0.6394,-5.4188017,-0.007814304,-3.18E-07,6.48E-10,-0.818959659,-0.027428369,0.001386821,-3.01E-06,5,2011,2,27,1,0.9,2,631.497,362.495,25.999,34.523,30.0008,34.4787,34.4929,21.9741,14.9529,37.7969,26,400,24.89,100.172,101.469
97,1682624784,13116.5,20230427 12:46:24,12:46:24,a1.galpar.2,34.60189037,1682624776,0.000846164,1.512435521,398.1499333,331.0248606,33.5577116,40.36252931,0.043709621,2.9514543,0.043353166,0.027127512,321.4475974,31.9261649,31.00031667,4.511459766,60.15426823,2.602248343,4.32595794,1.909211423,-37.31583062,-116.8573802,-8.858890445,158.4154961,0,0,1,0,52963.89465,RECT-1505-20210918-17_20_47,10288.4,812.936,2752.91,1939.974,0.704699391,-1,MPF-981-20230427-12_56_17,10211.7,2.211324,1.6368,-0.351004399,0.5,1681.21348,1.512435521,-295.0566634,1,0.001494418,1680.885386,-,0,1.6368,-0.351004399,0.999405429,0.000708153,1.418201069,0,1,981,300,300,300,10211.7,1.43,-0.00680998,-0.87,2000.016333,1681.21348,0.840599875,0.19119975,6,0.5,0: Broadleaf,2,1682624776,398.1499333,399.9986333,25.66947667,24.84531667,406.7562667,26.30502,600.2063,101.2639667,0.1112338,30.26591333,31.00031667,999.9,0,0,9999.018333,0,393.2504333,2000.016333,0.9800032,0.01999667,0,2.215466667,0,1993.072,16306.2,48.875,50.8246,49.5746,48.937,48.04133333,1960.024333,39.992,0,37.39999986,0,2.211324,-0.694023066,-39.5007693,1992.7712,15,1682624690,12:44:50,1682624688,1682624690,40,0.038,-0.057,-8.621,-0.669,400,25,0.57,0.18,-1.86257925,0.062295872,0.052320359,1,2.234755882,-0.552127231,0.168078426,1,0.8232112,0.015906574,0.0019787,1,3,3,3-Mar,100,100,-8.606,-0.6356,-5.4188017,-0.007814304,-3.18E-07,6.48E-10,-0.818959659,-0.027428369,0.001386821,-3.01E-06,5,2011,2,27,1.6,1.6,2,631.647,362.369,26.0018,34.585,30.0008,34.5274,34.5401,21.9761,14.9529,37.7969,26,400,24.8579,100.161,101.456